   IGRF2000  2000.00 10  8  0 2000.00 2005.00   -1.0  600.0          IGRF2000  1
 0 1-29615.      0.    14.6     0.0                                  IGRF2000  2
 1 1 -1728.   5186.    10.7   -22.5                                  IGRF2000  3
 0 2 -2267.      0.   -12.4     0.0                                  IGRF2000  4
 1 2  3072.  -2478.     1.1   -20.6                                  IGRF2000  5
 2 2  1672.   -458.    -1.1    -9.6                                  IGRF2000  6
 0 3  1341.      0.     0.7     0.                                   IGRF2000  7
 1 3 -2290.   -227.    -5.4     6.0                                  IGRF2000  8
 2 3  1253.    296.     0.9    -0.1                                  IGRF2000  9
 3 3   715.   -492.    -7.7   -14.2                                  IGRF2000 10
 0 4   935.      0.    -1.3     0.                                   IGRF2000 11
 1 4   787.    272.     1.6     2.1                                  IGRF2000 12
 2 4   251.   -232.    -7.3     1.3                                  IGRF2000 13
 3 4  -405.    119.     2.9     5.0                                  IGRF2000 14
 4 4   110.   -304.    -3.2     0.3                                  IGRF2000 15
 0 5  -217.      0.     0.0     0.                                   IGRF2000 16
 1 5   351.     44.    -0.7    -0.1                                  IGRF2000 17
 2 5   222.    172.    -2.1     0.6                                  IGRF2000 18
 3 5  -131.   -134.    -2.8     1.7                                  IGRF2000 19
 4 5  -169.    -40.    -0.8     1.9                                  IGRF2000 20
 5 5   -12.    107.     2.5     0.1                                  IGRF2000 21
 0 6    72.      0.     1.0     0.                                   IGRF2000 22
 1 6    68.    -17.    -0.4    -0.2                                  IGRF2000 23
 2 6    74.     64.     0.9    -1.4                                  IGRF2000 24
 3 6  -161.     65.     2.0     0.0                                  IGRF2000 25
 4 6    -5.    -61.   -0.6     -0.8                                  IGRF2000 26
 5 6    17.      1.    -0.3     0.0                                  IGRF2000 27
 6 6   -91.     44.     1.2     0.9                                  IGRF2000 28
 0 7    79.      0.    -0.4     0.                                   IGRF2000 29
 1 7   -74.    -65.    -0.4     1.1                                  IGRF2000 30
 2 7     0.    -24.    -0.3     0.0                                  IGRF2000 31
 3 7    33.      6.     1.1     0.3                                  IGRF2000 32
 4 7     9.     24.     1.1    -0.1                                  IGRF2000 33
 5 7     7.     15.    -0.2    -0.6                                  IGRF2000 34
 6 7     8.    -25.     0.6    -0.7                                  IGRF2000 35
 7 7    -2.     -6.    -0.9     0.2                                  IGRF2000 36
 0 8    25.      0.    -0.3     0.                                   IGRF2000 37
 1 8     6.     12.     0.2     0.1                                  IGRF2000 38
 2 8    -9.    -22.    -0.3     0.0                                  IGRF2000 39
 3 8    -8.      8.     0.4     0.0                                  IGRF2000 40
 4 8   -17.    -21.    -1.0     0.3                                  IGRF2000 41
 5 8     9.     15.     0.3     0.6                                  IGRF2000 42
 6 8     7.      9.    -0.5    -0.4                                  IGRF2000 43
 7 8    -8.    -16.    -0.7     0.3                                  IGRF2000 44
 8 8    -7.     -3.    -0.4     0.7                                  IGRF2000 45
 0 9     5.      0.     0.0     0.                                   IGRF2000 46
 1 9     9.    -20.     0.0     0.0                                  IGRF2000 47
 2 9     3.     13.     0.0     0.0                                  IGRF2000 48
 3 9    -8.     12.     0.0     0.0                                  IGRF2000 49
 4 9     6.     -6.     0.0     0.0                                  IGRF2000 50
 5 9    -9.     -8.     0.0     0.0                                  IGRF2000 51
 6 9    -2.      9.     0.0     0.0                                  IGRF2000 52
 7 9     9.      4.     0.0     0.0                                  IGRF2000 53
 8 9    -4.     -8.     0.0     0.0                                  IGRF2000 54
 9 9    -8.      5.     0.0     0.0                                  IGRF2000 55
 010    -2.      0.     0.0     0.                                   IGRF2000 56
 110    -6.      1.     0.0     0.0                                  IGRF2000 57
 210     2.      0.     0.0     0.0                                  IGRF2000 58
 310    -3.      4.     0.0     0.0                                  IGRF2000 59
 410     0.      5.     0.0     0.0                                  IGRF2000 60
 510     4.     -6.     0.0     0.0                                  IGRF2000 61
 610     1.     -1.     0.0     0.0                                  IGRF2000 62
 710     2.     -3.     0.0     0.0                                  IGRF2000 63
 810     4.      0.     0.0     0.0                                  IGRF2000 64
 910     0.     -2.     0.0     0.0                                  IGRF2000 65
1010    -1.     -8.     0.0     0.0                                  IGRF2000 66
