TITLE  MODEL_ID# 3_RMS=       0.9943
MODE_TYPE               tm
NUMBER_OF_RESPONSE       2
NUMBER_OF_PERIOD        31
      1.0000      1.2589      1.5849      1.9953      2.5119      3.1623      3.9811
      5.0119      6.3096      7.9433     10.0000     12.5893     15.8489     19.9526
     25.1189     31.6228     39.8107     50.1187     63.0957     79.4328    100.0000
    125.8925    158.4893    199.5262    251.1886    316.2278    398.1072    501.1872
    630.9573    794.3282   1000.0000
NUMBER_OF_STATION       36
   295000.00   298000.00   301000.00   304000.00   307000.00   310000.00   313000.00
   316000.00   319000.00   322000.00   325000.00   328000.00   331000.00   334000.00
   337000.00   340000.00   343000.00   346000.00   349000.00   352000.00   355000.00
   358000.00   361000.00   364000.00   367000.00   370000.00   373000.00   376000.00
   379000.00   382000.00   385000.00   388000.00   391000.00   394000.00   397000.00
   400000.00
DATA_RESPONSE_NO_1      app   
      1.0000     94.6008     94.1881     94.4272     95.3843     95.5279     96.0369     95.9465
                 96.7641     96.4908     96.0546     95.9547     95.6857     95.2195     95.1500
                 95.4708     95.1609     95.7752     95.4275     95.4164     95.8274     96.0825
                 96.0591     95.2365     95.1394     95.5317     94.9894     94.8840     94.6460
                 94.1041     94.1334     94.4535     94.0180     94.2742     92.9773     92.8187
                 94.0250
      1.2589     92.5436     91.8687     92.0192     92.9993     93.3678     94.1010     94.1772
                 95.0155     94.8382     94.3852     94.2362     93.9188     93.4232     93.3287
                 93.5925     93.3987     94.0197     93.8032     93.8711     94.2855     94.5350
                 94.4894     93.6853     93.5512     93.7779     93.2238     92.9955     92.7126
                 92.1364     92.0827     92.2492     91.7212     91.8608     90.5950     90.6741
                 92.1029
      1.5849     91.2096     90.3248     90.3285     91.2107     91.6544     92.4806     92.6286
                 93.4461     93.3639     92.9365     92.8060     92.5128     92.0461     91.9619
                 92.1790     92.0762     92.6705     92.5399     92.6553     93.0623     93.3128
                 93.2653     92.5050     92.3688     92.4741     91.9355     91.6070     91.2870
                 90.6767     90.5476     90.5879     90.0139     90.1117     88.9410     89.2812
                 90.8747
      1.9953     90.8665     89.8324     89.6432     90.3222     90.6991     91.4885     91.6039
                 92.3489     92.3471     91.9784     91.9281     91.7278     91.3471     91.3079
                 91.4907     91.4525     91.9886     91.8941     92.0203     92.4030     92.6540
                 92.6221     91.9314     91.8331     91.8707     91.3849     90.9960     90.6671
                 90.0449     89.8700     89.8277     89.2556     89.3766     88.3387     88.9418
                 90.6267
      2.5119     91.7744     90.6573     90.2504     90.6403     90.8224     91.4529     91.4328
                 92.0513     92.1095     91.8201     91.9022     91.8552     91.6102     91.6486
                 91.8081     91.8104     92.2568     92.1492     92.2462     92.5842     92.8329
                 92.8310     92.2326     92.2139     92.2415     91.8552     91.4549     91.1600
                 90.5605     90.3812     90.3067     89.7831     89.9846     89.0982     89.9498
                 91.6463
      3.1623     94.1636     93.0192     92.3830     92.4293     92.3232     92.7007     92.4555
                 92.8957     92.9863     92.7809     93.0280     93.1756     93.1013     93.2413
                 93.3848     93.4088     93.7408     93.5773     93.6107     93.8843     94.1250
                 94.1624     93.6742     93.7747     93.8464     93.6093     93.2510     93.0418
                 92.5104     92.3778     92.3245     91.8901     92.2133     91.4715     92.5461
                 94.1796
      3.9811     98.2119     97.0919     96.2250     95.8929     95.4305     95.4864     94.9442
                 95.1641     95.2605     95.1345     95.5659     95.9341     96.0512     96.3075
                 96.4372     96.4652     96.6624     96.4070     96.3477     96.5411     96.7702
                 96.8557     96.4923     96.7484     96.9142     96.8733     96.6073     96.5345
                 96.1142     96.0761     96.0908     95.7763     96.2523     95.6389     96.9125
                 98.4189
      5.0119    104.0261    102.9771    101.8811    101.1485    100.2823     99.9706     99.0765
                 99.0454     99.1241     99.0679     99.6943    100.2982    100.6172    100.9969
                101.1116    101.1268    101.1727    100.7946    100.6192    100.7207    100.9360
                101.0768    100.8489    101.2922    101.5951    101.7904    101.6599    101.7684
                101.4959    101.5932    101.7139    101.5397    102.1917    101.6866    103.1428
                104.4713
      6.3096    111.6258    110.6880    109.3729    108.2261    106.9180    106.2027    104.9135
                104.6103    104.6565    104.6616    105.4930    106.3448    106.8721    107.3796
                107.4748    107.4623    107.3402    106.8123    106.4992    106.4984    106.6985
                106.9004    106.8148    107.4714    107.9458    108.4113    108.4483    108.7738
                108.6750    108.9378    109.1923    109.1733    110.0212    109.6048    111.2306
                112.3396
      7.9433    120.9279    120.1329    118.6046    117.0392    115.2690    114.1321    112.4172
                111.8282    111.8313    111.8913    112.9355    114.0447    114.7846    115.4228
                115.4941    115.4414    115.1386    114.4378    113.9690    113.8560    114.0373
                114.3016    114.3597    115.2482    115.9179    116.6767    116.9039    117.4724
                117.5663    118.0174    118.4255    118.5679    119.6222    119.2700    121.0555
                121.9136
     10.0000    131.7393    131.1122    129.3782    127.3948    125.1491    123.5782    121.4128
                120.5272    120.4803    120.5913    121.8574    123.2342    124.1922    124.9650
                125.0090    124.9063    124.4110    123.5162    122.8748    122.6387    122.7950
                123.1191    123.3176    124.4491    125.3279    126.3942    126.8244    127.6524
                127.9504    128.6061    129.1816    129.4887    130.7555    130.4432    132.3787
                132.9606
     12.5893    143.6986    143.2598    141.3288    138.9270    136.1932    134.1792    131.5503
                130.3685    130.2735    130.4360    131.9313    133.5816    134.7582    135.6646
                135.6747    135.5112    134.8120    133.7056    132.8776    132.5094    132.6358
                133.0165    133.3507    134.7311    135.8274    137.2091    137.8478    138.9418
                139.4450    140.3088    141.0554    141.5268    143.0130    142.7279    144.8096
                145.0986
     15.8489    156.2839    156.0455    153.9199    151.0971    147.8781    145.4338    142.3518
                140.8853    140.7442    140.9522    142.6730    144.5900    145.9760    147.0084
                146.9778    146.7446    145.8349    144.5084    143.4844    142.9773    143.0662
                143.4949    143.9538    145.5774    146.8900    148.5852    149.4317    150.7948
                151.5004    152.5688    153.4787    154.0997    155.7963    155.5295    157.7588
                157.7525
     19.9526    168.8500    168.8392    166.5532    163.3347    159.6340    156.7492    153.2012
                151.4451    151.2576    151.5194    153.4791    155.6784    157.2878    158.4569
                158.3917    158.0854    156.9588    155.3978    154.1623    153.5013    153.5372
                153.9976    154.5623    156.4107    157.9223    159.9093    160.9459    162.5603
                163.4565    164.7254    165.8031    166.5801    168.4876    168.2269    170.5763
                170.2567
     25.1189    180.8208    181.0284    178.5916    175.0206    170.8955    167.6221    163.6466
                161.6199    161.3866    161.6983    163.8821    166.3478    168.1699    169.4702
                169.3736    168.9983    167.6649    165.8731    164.4267    163.6037    163.5690
                164.0386    164.6839    166.7290    168.4157    170.6691    171.8838    173.7358
                174.8168    176.2782    177.5096    178.4173    180.4964    180.2068    182.6431
                182.0098
     31.6228    191.7224    192.1446    189.5873    185.7057    181.1911    177.5600    173.1999
                170.9422    170.6908    171.0693    173.4720    176.1894    178.2064    179.6214
                179.4836    179.0325    177.4947    175.4764    173.8267    172.8459    172.7413
                173.2162    173.9338    176.1584    178.0011    180.4939    181.8614    183.9125
                185.1423    186.7580    188.1132    189.1349    191.3711    191.0523    193.5536
                192.6100
     39.8107    201.1951    201.8309    199.1637    194.9896    190.1313    186.1937    181.5019
                179.0362    178.7536    179.1734    181.7579    184.6893    186.8753    188.3908
                188.2197    187.7016    185.9815    183.7624    181.9232    180.7920    180.6101
                181.0727    181.8394    184.2087    186.1854    188.8909    190.4030    192.6505
                194.0300    195.7953    197.2615    198.3713    200.7269    200.3760    202.9286
                201.6968
     50.1187    208.6512    209.4647    206.7075    202.2865    197.1305    192.9228    187.9486
                185.3068    185.0007    185.4573    188.1881    191.2899    193.6064    195.1927
                194.9793    194.3932    192.5092    190.1154    188.1146    186.8552    186.6091
                187.0645    187.8785    190.3724    192.4637    195.3503    196.9853    199.3932
                200.8963    202.7835    204.3439    205.5387    208.0046    207.6394    210.2295
                208.7458
     63.0957    213.4559    214.4205    211.6063    206.9985    201.6078    197.1764    191.9757
                189.1874    188.8576    189.3439    192.1841    195.4146    197.8302    199.4663
                199.2145    198.5677    196.5474    194.0114    191.8790    190.5130    190.2115
                190.6586    191.5112    194.0973    196.2743    199.2973    201.0271    203.5550
                205.1562    207.1403    208.7814    210.0557    212.6115    212.2453    214.8490
                213.1553
     79.4328    215.3017    216.3857    213.5462    208.8234    203.2891    198.7130    193.3707
                190.4824    190.1333    190.6409    193.5480    196.8590    199.3389    201.0035
                200.7229    200.0302    197.9121    195.2767    193.0492    191.6012    191.2501
                191.6813    192.5554    195.1911    197.4175    200.5247    202.3192    204.9263
                206.5997    208.6518    210.3493    211.6804    214.2852    213.9202    216.5074
                214.6496
    100.0000    214.4744    215.6522    212.8215    208.0541    202.4659    197.8264    192.4292
                189.4912    189.1324    189.6564    192.5936    195.9422    198.4551    200.1300
                199.8308    199.1078    196.9291    194.2363    191.9491    190.4433    190.0491
                190.4574    191.3366    193.9826    196.2245    199.3685    201.1993    203.8478
                205.5674    207.6572    209.3834    210.7439    213.3555    212.9899    215.5311
                213.5485
    125.8925    211.5821    212.8355    210.0439    205.2856    199.7125    195.0741    189.6942
                186.7509    186.3919    186.9266    189.8628    193.2124    195.7305    197.3993
                197.0890    196.3483    194.1399    191.4263    189.1101    187.5694    187.1410
                187.5241    188.3975    191.0249    193.2584    196.4046    198.2504    200.9128
                202.6572    204.7587    206.4894    207.8558    210.4414    210.0773    212.5530
                210.4784
    158.4893    206.9229    208.2307    205.5025    200.8013    195.3027    190.7198    185.4167
                182.5036    182.1490    182.6859    185.5893    188.9025    191.3968    193.0412
                192.7239    191.9757    189.7655    187.0641    184.7487    183.1964    182.7451
                183.1042    183.9655    186.5520    188.7592    191.8796    193.7245    196.3783
                198.1310    200.2246    201.9425    203.2989    205.8353    205.4772    207.8737
                205.7412
    199.5262    200.1589    201.4908    198.8550    194.2765    188.9203    184.4447    179.2719
                176.4171    176.0661    176.5963    179.4294    182.6644    185.1023    186.7016
                186.3808    185.6344    183.4535    180.7977    178.5166    176.9776    176.5159
                176.8543    177.6987    180.2212    182.3810    185.4409    187.2659    189.8794
                191.6218    193.6888    195.3831    196.7235    199.1923    198.8448    201.1417
                198.9928
    251.1886    190.6692    191.9831    189.4715    185.0889    179.9530    175.6451    170.6690
                167.9084    167.5605    168.0726    170.7886    173.8922    176.2329    177.7606
                177.4401    176.7071    174.5929    172.0247    169.8190    168.3244    167.8680
                168.1898    169.0112    171.4393    173.5238    176.4776    178.2548    180.7843
                182.4883    184.5000    186.1529    187.4680    189.8457    189.5199    191.6953
                189.5860
    316.2278    178.2482    179.5122    177.1653    173.0308    168.1773    164.0920    159.3893
                156.7676    156.4252    156.8985    159.4441    162.3576    164.5551    165.9837
                165.6704    164.9678    162.9590    160.5315    158.4433    157.0260    156.5918
                156.8970    157.6838    159.9785    161.9558    164.7581    166.4555    168.8626
                170.4975    172.4187    174.0035    175.2756    177.5347    177.2561    179.2970
                177.2873
    398.1072    163.4397    164.6159    162.4524    158.6269    154.1287    150.3259    145.9581
                143.5054    143.1632    143.5846    145.9164    148.5924    150.6130    151.9228
                151.6262    150.9694    149.1054    146.8589    144.9256    143.6109    143.2062
                143.4900    144.2278    146.3531    148.1913    150.7957    152.3881    154.6362
                156.1811    157.9900    159.4911    160.7063    162.8178    162.5893    164.4736
                162.6116
    501.1872    147.3525    148.4198    146.4522    142.9715    138.8709    135.3868    131.3915
                129.1282    128.7867    129.1506    131.2462    133.6600    135.4864    136.6687
                136.3965    135.7968    134.1019    132.0612    130.3047    129.1071    128.7360
                128.9942    129.6720    131.6048    133.2827    135.6599    137.1290    139.1940
                140.6328    142.3131    143.7174    144.8638    146.8083    146.6285    148.3418
                146.6541
    630.9573    131.1480    132.1005    130.3307    127.2030    123.5100    120.3548    116.7424
                114.6771    114.3405    114.6492    116.5079    118.6584    120.2904    121.3473
                121.1048    120.5686    119.0513    117.2238    115.6504    114.5736    114.2367
                114.4665    115.0785    116.8108    118.3197    120.4589    121.7953    123.6668
                124.9903    126.5335    127.8334    128.9034    130.6734    130.5373    132.0756
                130.5682
    794.3282    115.6344    116.4707    114.8904    112.0861    108.7944    105.9978    102.8187
                101.0042    100.7050    100.9587    102.5753    104.4466    105.8606    106.7714
                106.5415    106.0597    104.7139    103.1079    101.7231    100.7795    100.4905
                100.7010    101.2510    102.7911    104.1420    106.0572    107.2619    108.9432
                110.1298    111.4993    112.6489    113.6009    115.1838    115.1056    116.4988
                115.1774
   1000.0000    101.3553    102.0852    100.6868     98.2087     95.2970     92.8147     89.9975
                 88.3799     88.1007     88.3142     89.7266     91.3665     92.6074     93.4058
                 93.2014     92.7757     91.5888     90.1739     88.9539     88.1207     87.8646
                 88.0505     88.5395     89.8986     91.0938     92.7890     93.8633     95.3580
                 96.4233     97.6505     98.6862     99.5501    100.9624    100.9117    102.1446
                100.9854
DATA_RESPONSE_NO_2      phsdeg
      1.0000     46.1724     46.5341     46.5471     46.4647     46.1648     45.9094     45.7586
                 45.8147     45.6984     45.7565     45.8195     45.8726     45.8994     45.9166
                 46.0230     45.8424     45.8707     45.7000     45.6278     45.6708     45.7009
                 45.7358     45.6818     45.6818     45.9024     45.8393     45.9733     45.9461
                 45.9099     45.9276     46.0667     46.1430     46.3144     46.4179     46.1992
                 45.9386
      1.2589     45.2512     45.5663     45.6572     45.6967     45.5229     45.3709     45.2965
                 45.3862     45.2715     45.2908     45.2956     45.2850     45.2596     45.2479
                 45.3444     45.1860     45.2431     45.1116     45.0643     45.1153     45.1407
                 45.1579     45.0800     45.0503     45.2303     45.1413     45.2514     45.2162
                 45.1780     45.1956     45.3225     45.3679     45.4778     45.5001     45.2296
                 45.0229
      1.5849     44.0449     44.2962     44.4522     44.6140     44.5796     44.5502     44.5694
                 44.7058     44.6000     44.5822     44.5257     44.4467     44.3640     44.3200
                 44.4062     44.2734     44.3649     44.2801     44.2658     44.3313     44.3552
                 44.3544     44.2486     44.1820     44.3116     44.1858     44.2590     44.2021
                 44.1473     44.1487     44.2474     44.2500     44.2951     44.2469     43.9495
                 43.8208
      1.9953     42.5924     42.7658     42.9686     43.2405     43.3437     43.4411     43.5601
                 43.7498     43.6606     43.6117     43.4984     43.3543     43.2169     43.1415
                 43.2176     43.1126     43.2397     43.2051     43.2284     43.3125     43.3382
                 43.3206     43.1869     43.0803     43.1526     42.9829     43.0082     42.9170
                 42.8327     42.8045     42.8631     42.8181     42.8019     42.6986     42.3995
                 42.3658
      2.5119     40.9656     41.0564     41.2833     41.6403     41.8632     42.0773     42.2908
                 42.5339     42.4669     42.3961     42.2369     42.0385     41.8552     41.7531
                 41.8207     41.7428     41.9029     41.9169     41.9779     42.0821     42.1121
                 42.0811     41.9227     41.7779     41.7926     41.5769     41.5493     41.4169
                 41.2950     41.2288     41.2412     41.1488     41.0810     40.9422     40.6647
                 40.7317
      3.1623     39.2689     39.2787     39.5097     39.9211     40.2345     40.5409     40.8316
                 41.1195     41.0777     40.9952     40.8054     40.5697     40.3550     40.2356
                 40.2969     40.2452     40.4319     40.4888     40.5830     40.7050     40.7402
                 40.6991     40.5216     40.3442     40.3054     40.0489     39.9693     39.7957
                 39.6357     39.5308     39.4987     39.3675     39.2623     39.1067     38.8662
                 39.0268
      3.9811     37.6265     37.5643     37.7825     38.2172     38.5875     38.9561     39.3003
                 39.6190     39.6014     39.5158     39.3107     39.0555     38.8252     38.6980
                 38.7556     38.7278     38.9328     39.0241     39.1446     39.2800     39.3202
                 39.2729     39.0839     38.8833     38.8004     38.5138     38.3902     38.1827
                 37.9912     37.8539     37.7847     37.6267     37.4988     37.3419     37.1460
                 37.3837
      5.0119     36.1648     36.0435     36.2376     36.6693     37.0655     37.4659     37.8383
                 38.1707     38.1734     38.0903     37.8825     37.6233     37.3910     37.2645
                 37.3199     37.3131     37.5277     37.6441     37.7831     37.9267     37.9714
                 37.9219     37.7302     37.5177     37.4029     37.1004     36.9452     36.7159
                 36.5043     36.3452     36.2500     36.0784     35.9409     35.7929     35.6427
                 35.9358
      6.3096     34.9947     34.8316     34.9946     35.4017     35.7969     36.2031     36.5813
                 36.9121     36.9292     36.8518     36.6506     36.3989     36.1749     36.0548
                 36.1088     36.1183     36.3348     36.4672     36.6171     36.7646     36.8131
                 36.7657     36.5798     36.3665     36.2335     35.9295     35.7568     35.5194
                 35.3000     35.1305     35.0203     34.8461     34.7098     34.5788     34.4723
                 34.7990
      7.9433     34.1969     34.0067     34.1379     34.5089     34.8851     35.2770     35.6431
                 35.9592     35.9849     35.9143     35.7254     35.4889     35.2799     35.1699
                 35.2223     35.2444     35.4560     35.5967     35.7510     35.8982     35.9503
                 35.9083     35.7351     35.5308     35.3915     35.0986     34.9210     34.6872
                 34.4715     34.3020     34.1870     34.0195     33.8917     33.7802     33.7109
                 34.0516
     10.0000     33.8219     33.6180     33.7207     34.0506     34.3965     34.7609     35.1026
                 35.3956     35.4260     35.3627     35.1898     34.9734     34.7833     34.6852
                 34.7354     34.7663     34.9679     35.1107     35.2643     35.4084     35.4636
                 35.4298     35.2742     35.0859     34.9493     34.6766     34.5033     34.2816
                 34.0769     33.9146     33.8020     33.6474     33.5326     33.4409     33.4011
                 33.7399
     12.5893     33.8887     33.6823     33.7609     34.0489     34.3600     34.6914     35.0037
                 35.2699     35.3016     35.2446     35.0881     34.8927     34.7221     34.6360
                 34.6837     34.7208     34.9097     35.0507     35.2004     35.3394     35.3973
                 35.3725     35.2368     35.0681     34.9406     34.6937     34.5316     34.3280
                 34.1398     33.9894     33.8832     33.7435     33.6425     33.5690     33.5520
                 33.8783
     15.8489     34.3840     34.1796     34.2366     34.4874     34.7660     35.0643     35.3442
                 35.5799     35.6079     35.5549     35.4130     35.2375     35.0862     35.0119
                 35.0577     35.0994     35.2757     35.4126     35.5566     35.6892     35.7482
                 35.7318     35.6156     35.4678     35.3525     35.1333     34.9872     34.8059
                 34.6391     34.5056     34.4106     34.2874     34.1989     34.1384     34.1364
                 34.4439
     19.9526     35.2551     35.0607     35.1000     35.3118     35.5535     35.8163     36.0651
                 36.2746     36.3017     36.2546     36.1283     35.9718     35.8371     35.7712
                 35.8124     35.8539     36.0149     36.1451     36.2822     36.4093     36.4713
                 36.4655     36.3704     36.2446     36.1439     35.9515     35.8203     35.6583
                 35.5082     35.3874     35.3010     35.1933     35.1197     35.0764     35.0904
                 35.3778
     25.1189     36.4300     36.2483     36.2764     36.4570     36.6651     36.8923     37.1082
                 37.2903     37.3146     37.2729     37.1618     37.0246     36.9070     36.8505
                 36.8884     36.9294     37.0753     37.1971     37.3253     37.4450     37.5077
                 37.5100     37.4329     37.3268     37.2396     37.0719     36.9551     36.8114
                 36.6782     36.5712     36.4957     36.4045     36.3450     36.3144     36.3371
                 36.6015
     31.6228     37.8486     37.6779     37.6962     37.8526     38.0364     38.2380     38.4294
                 38.5895     38.6111     38.5731     38.4734     38.3514     38.2475     38.1987
                 38.2337     38.2747     38.4080     38.5220     38.6419     38.7533     38.8141
                 38.8207     38.7570     38.6663     38.5901     38.4443     38.3417     38.2158
                 38.0992     38.0051     37.9380     37.8582     37.8069     37.7828     37.8092
                 38.0502
     39.8107     39.4785     39.3256     39.3406     39.4773     39.6388     39.8157     39.9834
                 40.1235     40.1438     40.1118     40.0263     39.9216     39.8332     39.7933
                 39.8266     39.8667     39.9870     40.0915     40.2010     40.3027     40.3598
                 40.3688     40.3155     40.2372     40.1696     40.0410     39.9487     39.8361
                 39.7318     39.6476     39.5874     39.5173     39.4725     39.4526     39.4792
                 39.6951
     50.1187     41.3029     41.1664     41.1784     41.2983     41.4425     41.6013     41.7520
                 41.8772     41.8967     41.8689     41.7940     41.7024     41.6258     41.5924
                 41.6238     41.6628     41.7719     41.8684     41.9685     42.0610     42.1136
                 42.1229     42.0769     42.0080     41.9474     41.8338     41.7512     41.6513
                 41.5583     41.4822     41.4263     41.3616     41.3197     41.3015     41.3267
                 41.5188
     63.0957     43.2700     43.1486     43.1591     43.2645     43.3923     43.5338     43.6688
                 43.7809     43.8001     43.7761     43.7103     43.6297     43.5624     43.5336
                 43.5622     43.5989     43.6972     43.7856     43.8768     43.9609     44.0095
                 44.0193     43.9799     43.9196     43.8653     43.7649     43.6905     43.6009
                 43.5168     43.4469     43.3944     43.3351     43.2965     43.2801     43.3034
                 43.4735
     79.4328     45.2953     45.1875     45.1970     45.2894     45.4014     45.5258     45.6453
                 45.7449     45.7634     45.7427     45.6847     45.6135     45.5541     45.5289
                 45.5544     45.5882     45.6761     45.7563     45.8391     45.9152     45.9602
                 45.9705     45.9369     45.8841     45.8355     45.7465     45.6790     45.5979
                 45.5211     45.4565     45.4073     45.3534     45.3187     45.3045     45.3257
                 45.4762
    100.0000     47.3086     47.2126     47.2210     47.3022     47.4003     47.5094     47.6150
                 47.7036     47.7213     47.7036     47.6525     47.5897     47.5372     47.5151
                 47.5377     47.5687     47.6470     47.7195     47.7942     47.8628     47.9039
                 47.9140     47.8849     47.8382     47.7940     47.7143     47.6523     47.5779
                 47.5070     47.4467     47.4005     47.3512     47.3197     47.3069     47.3259
                 47.4589
    125.8925     49.3121     49.2273     49.2353     49.3071     49.3937     49.4901     49.5840
                 49.6634     49.6809     49.6667     49.6226     49.5681     49.5225     49.5038
                 49.5242     49.5527     49.6226     49.6876     49.7545     49.8157     49.8524
                 49.8612     49.8350     49.7926     49.7514     49.6787     49.6207     49.5513
                 49.4849     49.4279     49.3834     49.3374     49.3078     49.2950     49.3109
                 49.4275
    158.4893     51.3804     51.3066     51.3146     51.3792     51.4572     51.5443     51.6294
                 51.7019     51.7202     51.7103     51.6736     51.6274     51.5888     51.5737
                 51.5929     51.6194     51.6820     51.7402     51.7997     51.8535     51.8853
                 51.8919     51.8671     51.8274     51.7877     51.7201     51.6648     51.5991
                 51.5359     51.4808     51.4369     51.3922     51.3623     51.3478     51.3594
                 51.4598
    199.5262     53.5885     53.5252     53.5331     53.5924     53.6656     53.7480     53.8287
                 53.8978     53.9184     53.9132     53.8835     53.8447     53.8123     53.8003
                 53.8185     53.8432     53.8996     53.9520     54.0051     54.0524     54.0793
                 54.0832     54.0587     54.0205     53.9814     53.9174     53.8639     53.8008
                 53.7397     53.6852     53.6401     53.5941     53.5616     53.5437     53.5501
                 53.6347
    251.1886     55.9314     55.8790     55.8893     55.9438     56.0134     56.0938     56.1746
                 56.2448     56.2703     56.2699     56.2466     56.2140     56.1861     56.1760
                 56.1925     56.2152     56.2655     56.3134     56.3609     56.4029     56.4263
                 56.4281     56.4039     56.3667     56.3283     56.2676     56.2149     56.1537
                 56.0926     56.0362     55.9871     55.9375     55.9012     55.8803     55.8819
                 55.9513
    316.2278     58.3072     58.2663     58.2809     58.3340     58.4014     58.4794     58.5588
                 58.6286     58.6585     58.6636     58.6473     58.6214     58.5988     58.5911
                 58.6065     58.6273     58.6720     58.7148     58.7566     58.7932     58.8128
                 58.8127     58.7890     58.7530     58.7150     58.6570     58.6048     58.5446
                 58.4835     58.4257     58.3739     58.3220     58.2826     58.2577     58.2530
                 58.3074
    398.1072     60.5606     60.5296     60.5483     60.6012     60.6671     60.7429     60.8205
                 60.8900     60.9236     60.9340     60.9240     60.9044     60.8864     60.8809
                 60.8951     60.9139     60.9534     60.9912     61.0280     61.0599     61.0766
                 61.0753     61.0525     61.0181     60.9808     60.9251     60.8734     60.8135
                 60.7519     60.6928     60.6389     60.5855     60.5437     60.5151     60.5045
                 60.5460
    501.1872     62.5583     62.5357     62.5585     62.6121     62.6759     62.7477     62.8212
                 62.8884     62.9247     62.9398     62.9357     62.9220     62.9087     62.9055
                 62.9188     62.9358     62.9705     63.0033     63.0354     63.0630     63.0771
                 63.0752     63.0538     63.0215     62.9853     62.9318     62.8806     62.8207
                 62.7591     62.6996     62.6452     62.5921     62.5494     62.5178     62.5018
                 62.5323
    630.9573     64.2271     64.2122     64.2410     64.2967     64.3557     64.4179     64.4816
                 64.5424     64.5796     64.5998     64.6027     64.5969     64.5901     64.5909
                 64.6042     64.6200     64.6498     64.6768     64.7037     64.7264     64.7381
                 64.7361     64.7167     64.6873     64.6523     64.6010     64.5499     64.4892
                 64.4278     64.3692     64.3172     64.2682     64.2278     64.1939     64.1718
                 64.1920
    794.3282     65.5445     65.5371     65.5652     65.6209     65.6849     65.7523     65.8164
                 65.8728     65.9038     65.9198     65.9211     65.9148     65.9090     65.9107
                 65.9252     65.9415     65.9718     65.9985     66.0239     66.0443     66.0523
                 66.0466     66.0245     65.9927     65.9571     65.9066     65.8593     65.8053
                 65.7515     65.7001     65.6517     65.6013     65.5560     65.5171     65.4917
                 65.5061
   1000.0000     66.5166     66.5140     66.5447     66.5998     66.6611     66.7249     66.7859
                 66.8405     66.8722     66.8897     66.8934     66.8897     66.8859     66.8886
                 66.9024     66.9177     66.9454     66.9699     66.9930     67.0116     67.0189
                 67.0135     66.9928     66.9627     66.9284     66.8800     66.8335     66.7804
                 66.7270     66.6759     66.6278     66.5783     66.5336     66.4942     66.4666
                 66.4755
