TITLE  MODEL_ID# 1_RMS=       4.6811
MODE_TYPE               tm
NUMBER_OF_RESPONSE       2
NUMBER_OF_PERIOD        31
      1.0000      1.2589      1.5849      1.9953      2.5119      3.1623      3.9811
      5.0119      6.3096      7.9433     10.0000     12.5893     15.8489     19.9526
     25.1189     31.6228     39.8107     50.1187     63.0957     79.4328    100.0000
    125.8925    158.4893    199.5262    251.1886    316.2278    398.1072    501.1872
    630.9573    794.3282   1000.0000
NUMBER_OF_STATION       36
   295000.00   298000.00   301000.00   304000.00   307000.00   310000.00   313000.00
   316000.00   319000.00   322000.00   325000.00   328000.00   331000.00   334000.00
   337000.00   340000.00   343000.00   346000.00   349000.00   352000.00   355000.00
   358000.00   361000.00   364000.00   367000.00   370000.00   373000.00   376000.00
   379000.00   382000.00   385000.00   388000.00   391000.00   394000.00   397000.00
   400000.00
DATA_RESPONSE_NO_1      app   
      1.0000     94.1269     90.9425     89.8785     90.5309     91.2445     91.7718     92.0177
                 92.4109     92.5728     92.3371     92.2858     92.2091     91.9974     91.9742
                 92.0540     92.2245     92.4390     92.4075     92.5028     92.7562     92.9216
                 92.7476     92.2790     92.0862     91.9231     91.6004     91.1455     90.7272
                 90.3632     90.1639     89.8518     89.6216     89.1685     88.2615     89.7479
                 93.4799
      1.2589     94.1577     90.8938     89.4921     89.8573     90.3847     90.7902     90.9476
                 91.2934     91.4661     91.2747     91.2968     91.3042     91.1526     91.1497
                 91.2168     91.3747     91.5649     91.5080     91.5772     91.8089     91.9699
                 91.8146     91.3835     91.2289     91.0895     90.7937     90.3540     89.9495
                 89.5915     89.3831     89.0641     88.8863     88.5707     87.9088     89.7349
                 93.5514
      1.5849     94.7584     91.4862     89.7621     89.8114     90.0980     90.3205     90.3351
                 90.5963     90.7602     90.6105     90.7165     90.8226     90.7429     90.7655
                 90.8166     90.9495     91.0977     90.9958     91.0245     91.2296     91.3917
                 91.2705     90.9004     90.8155     90.7357     90.5009     90.1084     89.7466
                 89.4218     89.2327     88.9367     88.8416     88.6864     88.2688     90.4067
                 94.2293
      1.9953     96.1222     92.9136     90.8906     90.6133     90.6182     90.6042     90.4249
                 90.5655     90.7014     90.5893     90.7887     91.0081     91.0122     91.0662
                 91.0985     91.1948     91.2839     91.1168     91.0898     91.2628     91.4311
                 91.3585     91.0720     91.0888     91.1052     90.9675     90.6552     90.3669
                 90.1043     89.9638     89.7179     89.7299     89.7462     89.5544     91.9651
                 95.7146
      2.5119     98.4222     95.3489     93.0578     92.4550     92.1524     91.8636     91.4511
                 91.4442     91.5380     91.4614     91.7652     92.1137     92.2140     92.3067
                 92.3193     92.3700     92.3856     92.1343     92.0371     92.1720     92.3499
                 92.3367     92.1515     92.2976     92.4424     92.4332     92.2300     92.0420
                 91.8662     91.7977     91.6205     91.7532     91.9397     91.9439     94.5863
                 98.1868
      3.1623    101.8091     98.9359     96.4151     95.5061     94.8839     94.2908     93.6137
                 93.4415     93.4889     93.4535     93.8806     94.3808     94.5953     94.7393
                 94.7358     94.7360     94.6661     94.3125     94.1299     94.2196     94.4072
                 94.4589     94.3851     94.6799     94.9759     95.1163     95.0398     94.9676
                 94.8922     94.9096     94.8114     95.0723     95.4213     95.5819     98.4107
                101.7935
      3.9811    106.4021    103.7855    101.0637     99.8715     98.9371     98.0345     97.0804
                 96.7380     96.7414     96.7552     97.3250     98.0003     98.3479     98.5578
                 98.5454     98.4957     98.3343     97.8643     97.5834     97.6198     97.8130
                 97.9272     97.9643     98.4163     98.8753     99.1764     99.2354     99.2877
                 99.3203     99.4303     99.4103     99.7926    100.2818    100.5524    103.5316
                106.6411
      5.0119    112.2668    109.9533    107.0545    105.6051    104.3746    103.1682    101.9358
                101.4282    101.3983    101.4751    102.2117    103.0887    103.5909    103.8837
                103.8719    103.7759    103.5199    102.9213    102.5296    102.5035    102.6953
                102.8641    103.0045    103.6138    104.2377    104.7006    104.8937    105.0693
                105.2082    105.4078    105.4562    105.9458    106.5488    106.8834    109.9846
                112.7779
      6.3096    119.3934    117.4275    114.3759    112.6802    111.1598    109.6606    108.1627
                107.5099    107.4684    107.6283    108.5584    109.6632    110.3392    110.7290
                110.7251    110.5848    110.2313    109.4932    108.9801    108.8831    109.0654
                109.2789    109.5118    110.2742    111.0597    111.6787    111.9972    112.2860
                112.5176    112.7901    112.8836    113.4586    114.1534    114.5238    117.7359
                120.1793
      7.9433    127.6963    126.1008    122.9148    121.0098    119.2177    117.4248    115.6552
                114.8630    114.8268    115.0911    116.2457    117.6109    118.4858    118.9916
                119.0054    118.8238    118.3674    117.4751    116.8254    116.6456    116.8083
                117.0548    117.3667    118.2743    119.2134    119.9772    120.4052    120.7907
                121.0994    121.4331    121.5606    122.2127    122.9809    123.3461    126.6446
                128.7149
     10.0000    137.0050    135.7988    132.4874    130.3867    128.3346    126.2576    124.2227
                123.3022    123.2851    123.6676    125.0669    126.7132    127.8028    128.4365
                128.4744    128.2536    127.6914    126.6346    125.8371    125.5643    125.6967
                125.9630    126.3391    127.3816    128.4642    129.3616    129.8863    130.3562
                130.7299    131.1126    131.2583    131.9721    132.7946    133.1286    136.5061
                138.1899
     12.5893    147.0698    146.2628    142.8232    140.5270    138.2218    135.8702    133.5760
                132.5338    132.5416    133.0472    134.6995    136.6359    137.9466    138.7126
                138.7760    138.5154    137.8445    136.6155    135.6619    135.2879    135.3810
                135.6561    136.0840    137.2522    138.4696    139.4917    140.1043    140.6511
                141.0828    141.5073    141.6603    142.4234    143.2862    143.5745    147.0341
                148.3307
     15.8489    157.5074    157.0894    153.5200    151.0332    148.4739    145.8420    143.2819
                142.1137    142.1429    142.7672    144.6694    146.8928    148.4206    149.3156
                149.4010    149.0969    148.3129    146.9062    145.7912    145.3113    145.3599
                145.6373    146.1099    147.3979    148.7449    149.8869    150.5826    151.2029
                151.6905    152.1567    152.3185    153.1335    154.0375    154.2759    157.8172
                158.7372
     19.9526    167.7454    167.6902    163.9798    161.2965    158.4831    155.5712    152.7420
                151.4373    151.4711    152.1938    154.3216    156.8077    158.5333    159.5433
                159.6428    159.2910    158.3937    156.8121    155.5381    154.9527    154.9549
                155.2312    155.7440    157.1457    158.6181    159.8783    160.6601    161.3596
                161.9119    162.4306    162.6129    163.4876    164.4381    164.6344    168.2634
                168.8344
     25.1189    177.0722    177.3336    173.4900    170.6140    167.5373    164.3335    161.2279
                159.7739    159.7903    160.5829    162.8974    165.6053    167.4956    168.5973
                168.6989    168.2941    167.2850    165.5384    164.1155    163.4312    163.3900
                163.6667    164.2201    165.7310    167.3263    168.7061    169.5802    170.3671
                170.9945    171.5791    171.8017    172.7557    173.7747    173.9535    177.6712
                177.9296
     31.6228    184.8956    185.4021    181.4015    178.3202    174.9984    171.5392    168.1910
                166.5924    166.5669    167.3863    169.8224    172.6815    174.6786    175.8303
                175.9129    175.4496    174.3397    172.4530    170.9051    170.1378    170.0606
                170.3398    170.9324    172.5418    174.2517    175.7494    176.7254    177.6144
                178.3350    179.0021    179.2807    180.3187    181.4146    181.6064    185.4255
                185.4351
     39.8107    190.8281    191.5414    187.4101    184.1381    180.5706    176.8439    173.2425
                171.4800    171.3866    172.2059    174.7221    177.6888    179.7609    180.9417
                180.9969    180.4720    179.2660    177.2554    175.5985    174.7591    174.6528
                174.9407    175.5772    177.2789    179.0965    180.7067    181.7841    182.7761
                183.5962    184.3608    184.7255    185.8765    187.0770    187.3103    191.2152
                191.0165
     50.1187    194.6621    195.5281    191.2912    187.8524    184.0630    180.0909    176.2552
                174.3259    174.1419    174.9282    177.4730    180.4928    182.6006    183.7867
                183.8088    183.2265    181.9393    179.8318    178.0897    177.1932    177.0645
                177.3632    178.0419    179.8223    181.7345    183.4488    184.6285    185.7278
                186.6571    187.5328    188.0043    189.2797    190.5940    190.8880    194.8601
                194.5000
     63.0957    196.1734    197.1358    192.8127    189.2249    185.2506    181.0815    177.0581
                174.9776    174.6885    175.4098    177.9260    180.9363    183.0336    184.1973
                184.1809    183.5496    182.2042    180.0363    178.2418    177.3088    177.1664
                177.4776    178.1945    180.0358    182.0254    183.8323    185.1134    186.3231
                187.3683    188.3615    188.9484    190.3440    191.7693    192.1419    196.1660
                195.6975
     79.4328    195.2092    196.2107    191.8280    188.1172    183.9992    179.6846    175.5247
                173.3155    172.9138    173.5441    175.9783    178.9183    180.9594    182.0727
                182.0118    181.3396    179.9590    177.7688    175.9565    175.0099    174.8650
                175.1922    175.9446    177.8287    179.8769    181.7613    183.1376    184.4538
                185.6134    186.7236    187.4310    188.9418    190.4764    190.9465    195.0035
                194.4805
    100.0000    191.8757    192.8679    188.4602    184.6601    180.4429    176.0350    171.7917
                169.4807    168.9667    169.4890    171.7978    174.6164    176.5632    177.6031
                177.4941    176.7894    175.3952    173.2179    171.4197    170.4808    170.3437
                170.6903    171.4746    173.3832    175.4694    177.4127    178.8725    180.2841
                181.5492    182.7687    183.5950    185.2118    186.8501    187.4306    191.4961
                190.9641
    125.8925    186.5344    187.4844    183.0933    179.2454    174.9775    170.5291    166.2553
                163.8746    163.2585    163.6687    165.8262    168.4903    170.3185    171.2719
                171.1161    170.3885    168.9997    166.8640    165.1055    164.1909    164.0688
                164.4351    165.2454    167.1591    169.2609    171.2407    172.7652    174.2531
                175.6056    176.9173    177.8515    179.5572    181.2851    181.9760    186.0188
                185.5080
    158.4893    179.6303    180.5090    176.1501    172.2915    168.0333    163.5990    159.3350
                156.9064    156.2024    156.5151    158.5257    161.0366    162.7521    163.6261
                163.4328    162.6902    161.3162    159.2346    157.5256    156.6399    156.5324
                156.9137    157.7390    159.6333    161.7185    163.6971    165.2496    166.7784
                168.1914    169.5785    170.6129    172.3907    174.1822    174.9630    178.9490
                178.4879
    199.5262    171.3861    172.1913    167.9269    164.1096    159.9118    155.5526    151.3629
                148.9302    148.1543    148.3640    150.2032    152.5308    154.1120    154.8982
                154.6741    153.9327    152.5973    150.5986    148.9614    148.1157    148.0220
                148.4088    149.2339    151.0872    153.1361    155.0989    156.6705    158.2313
                159.6907    161.1299    162.2352    164.0482    165.8728    166.7290    170.6223
                170.2136
    251.1886    162.0820    162.8020    158.6754    154.9423    150.8457    146.6050    142.5357
                140.1348    139.3094    139.4276    141.0933    143.2294    144.6710    145.3688
                145.1200    144.3892    143.1053    141.2058    139.6544    138.8566    138.7783
                139.1668    139.9826    141.7782    143.7712    145.6968    147.2661    148.8349
                150.3146    151.7785    152.9295    154.7509    156.5854    157.5027    161.2722
                160.9215
    316.2278    152.0210    152.6516    148.6981    145.0883    141.1307    137.0455    133.1325
                130.7916    129.9358    129.9743    131.4695    133.4130    134.7152    135.3277
                135.0610    134.3494    133.1270    131.3385    129.8821    129.1373    129.0748
                129.4607    130.2588    131.9822    133.9019    135.7711    137.3176    138.8723
                140.3492    141.8143    142.9893    144.7953    146.6169    147.5771    151.1945
                150.9034
    398.1072    141.5522    142.0990    138.3417    134.8846    131.1011    127.2055    123.4787
                121.2210    120.3521    120.3242    121.6569    123.4136    124.5821    125.1155
                124.8380    124.1527    122.9994    121.3287    119.9722    119.2826    119.2345
                119.6132    120.3854    122.0246    123.8561    125.6515    127.1568    128.6773
                130.1310    131.5766    132.7550    134.5226    136.3070    137.2887    140.7310
                140.4972
    501.1872    130.9813    131.4530    127.9099    124.6300    121.0478    117.3667    113.8475
                111.6913    110.8256    110.7455    111.9284    113.5094    114.5539    115.0167
                114.7356    114.0827    113.0028    111.4525    110.1970    109.5620    109.5260
                109.8928    110.6317    112.1775    113.9093    115.6167    117.0648    118.5337
                119.9460    121.3537    122.5168    124.2258    125.9515    126.9337    130.1823
                129.9993
    630.9573    120.4557    120.8738    117.5706    114.4648    111.0553    107.5693    104.2675
                102.2484    101.4328    101.3467    102.4207    103.8582    104.8017    105.2109
                104.9388    104.3284    103.3313    101.9111    100.7690    100.2033    100.1950
                100.5646    101.2827    102.7457    104.3824    105.9972    107.3703    108.7572
                110.0875    111.4156    112.5318    114.1717    115.8476    116.8402    119.8904
                119.7342
    794.3282    110.2283    110.5816    107.5007    104.6060    101.4419     98.2084     95.1414
                 93.2469     92.4568     92.3403     93.2895     94.5774     95.4206     95.7801
                 95.5212     94.9567     94.0415     92.7422     91.6980     91.1815     91.1767
                 91.5216     92.1904     93.5441     95.0633     96.5707     97.8657     99.1805
                100.4496    101.7194    102.7952    104.3475    105.9288    106.8825    109.7180
                109.6027
   1000.0000    100.4339    100.7266     97.8527     95.1558     92.2387     89.2710     86.4531
                 84.6948     83.9370     83.7917     84.6170     85.7557     86.4974     86.8062
                 86.5603     86.0433     85.2125     84.0351     83.0887     82.6201     82.6158
                 82.9307     83.5436     84.7832     86.1803     87.5761     88.7887     90.0267
                 91.2267     92.4252     93.4413     94.8850     96.3548     97.2608     99.8872
                 99.8110
DATA_RESPONSE_NO_2      phsdeg
      1.0000     43.4067     43.4913     43.9785     44.3787     44.6370     44.8202     44.9728
                 45.0583     45.0435     44.9754     44.8457     44.6940     44.5860     44.5460
                 44.5673     44.5885     44.6351     44.6896     44.7440     44.7871     44.7971
                 44.7664     44.7018     44.6263     44.5749     44.5156     44.4779     44.4395
                 44.4145     44.4187     44.4363     44.3725     44.2013     43.8857     43.3923
                 43.3091
      1.2589     42.6556     42.6409     43.1096     43.5477     43.8674     44.1139     44.3194
                 44.4399     44.4399     44.3670     44.2204     44.0475     43.9218     43.8730
                 43.8955     43.9287     43.9934     44.0680     44.1391     44.1905     44.1985
                 44.1550     44.0682     43.9640     43.8796     43.7882     43.7201     43.6548
                 43.6051     43.5849     43.5750     43.4814     43.2816     42.9530     42.4966
                 42.5245
      1.5849     41.7514     41.6282     42.0578     42.5157     42.8856     43.1902     43.4462
                 43.6016     43.6176     43.5414     43.3793     43.1868     43.0441     42.9864
                 43.0098     43.0549     43.1379     43.2332     43.3213     43.3817     43.3881
                 43.3320     43.2232     43.0897     42.9714     42.8464     42.7462     42.6519
                 42.5755     42.5289     42.4917     42.3725     42.1551     41.8322     41.4348
                 41.5834
      1.9953     40.7288     40.4969     40.8701     41.3269     41.7292     42.0782     42.3754
                 42.5601     42.5900     42.5111     42.3357     42.1261     41.9681     41.9015
                 41.9245     41.9796     42.0788     42.1928     42.2971     42.3665     42.3727
                 42.3067     42.1793     42.0206     41.8723     41.7174     41.5880     41.4671
                 41.3663     41.2961     41.2358     41.0997     40.8785     40.5793     40.2570
                 40.5255
      2.5119     39.6406     39.3085     39.6128     40.0481     40.4621     40.8372     41.1606
                 41.3643     41.4029     41.3203     41.1336     40.9102     40.7391     40.6638
                 40.6843     40.7462     40.8576     40.9866     41.1045     41.1824     41.1905
                 41.1192     40.9800     40.8043     40.6344     40.4580     40.3070     40.1669
                 40.0485     39.9615     39.8861     39.7438     39.5322     39.2708     39.0322
                 39.4098
      3.1623     38.5515     38.1360     38.3679     38.7639     39.1673     39.5477     39.8801
                 40.0913     40.1329     40.0456     39.8503     39.6169     39.4355     39.3515
                 39.3670     39.4311     39.5491     39.6878     39.8156     39.9014     39.9141
                 39.8439     39.7022     39.5206     39.3409     39.1547     38.9929     38.8431
                 38.7156     38.6197     38.5373     38.3992     38.2095     37.9965     37.8424
                 38.3087
      3.9811     37.5376     37.0600     37.2214     37.5684     37.9449     38.3116     38.6357
                 38.8415     38.8798     38.7874     38.5872     38.3493     38.1622     38.0714
                 38.0807     38.1434     38.2627     38.4055     38.5388     38.6306     38.6498
                 38.5860     38.4504     38.2734     38.0955     37.9108     37.7491     37.5997
                 37.4725     37.3766     37.2965     37.1717     37.0111     36.8487     36.7710
                 37.3008
      5.0119     36.6749     36.1589     36.2575     36.5531     36.8928     37.2323     37.5348
                 37.7257     37.7563     37.6596     37.4592     37.2230     37.0355     36.9410
                 36.9442     37.0031     37.1193     37.2609     37.3956     37.4912     37.5176
                 37.4644     37.3415     37.1777     37.0109     36.8372     36.6843     36.5435
                 36.4241     36.3352     36.2637     36.1575     36.0283     35.9127     35.8977
                 36.4637
      6.3096     36.0327     35.5022     35.5469     35.7911     36.0925     36.4017     36.6781
                 36.8497     36.8708     36.7710     36.5742     36.3448     36.1618     36.0670
                 36.0655     36.1201     36.2313     36.3689     36.5017     36.5990     36.6321
                 36.5906     36.4837     36.3376     36.1873     36.0305     35.8926     35.7663
                 35.6603     35.5825     35.5219     35.4334     35.3312     35.2543     35.2884
                 35.8657
      7.9433     35.6625     35.1390     35.1464     35.3461     35.6076     35.8830     36.1314
                 36.2849     36.3001     36.2030     36.0165     35.8004     35.6272     35.5355
                 35.5309     35.5807     35.6849     35.8157     35.9440     36.0409     36.0797
                 36.0504     35.9609     35.8348     35.7034     35.5654     35.4436     35.3319
                 35.2382     35.1699     35.1182     35.0457     34.9678     34.9225     34.9897
                 35.5552
     10.0000     35.5997     35.1011     35.0846     35.2490     35.4766     35.7220     35.9452
                 36.0835     36.0967     36.0073     35.8369     35.6399     35.4816     35.3972
                 35.3922     35.4384     35.5354     35.6581     35.7799     35.8742     35.9165
                 35.8975     35.8237     35.7160     35.6021     35.4814     35.3740     35.2750
                 35.1914     35.1303     35.0845     35.0233     34.9625     34.9382     35.0238
                 35.5601
     12.5893     35.8667     35.4053     35.3770     35.5180     35.7210     35.9425     36.1451
                 36.2723     36.2880     36.2115     36.0622     35.8890     35.7498     35.6764
                 35.6740     35.7183     35.8086     35.9226     36.0364     36.1260     36.1693
                 36.1575     36.0961     36.0033     35.9033     35.7961     35.6994     35.6092
                 35.5321     35.4745     35.4311     35.3759     35.3240     35.3093     35.3994
                 35.8939
     15.8489     36.4747     36.0608     36.0323     36.1584     36.3437     36.5480     36.7370
                 36.8596     36.8834     36.8243     36.6999     36.5533     36.4359     36.3757
                 36.3778     36.4214     36.5057     36.6111     36.7163     36.7998     36.8418
                 36.8343     36.7816     36.6997     36.6095     36.5114     36.4208     36.3347
                 36.2591     36.1999     36.1532     36.0978     36.0481     36.0352     36.1199
                 36.5636
     19.9526     37.4184     37.0574     37.0373     37.1569     37.3315     37.5246     37.7052
                 37.8279     37.8635     37.8251     37.7278     37.6095     37.5151     37.4695
                 37.4774     37.5213     37.6003     37.6974     37.7936     37.8699     37.9088
                 37.9027     37.8555     37.7805     37.6961     37.6028     37.5140     37.4276
                 37.3490     37.2842     37.2303     37.1700     37.1168     37.0987     37.1700
                 37.5582
     25.1189     38.6543     38.3464     38.3424     38.4632     38.6317     38.8174     38.9937
                 39.1202     39.1699     39.1530     39.0829     38.9923     38.9205     38.8897
                 38.9043     38.9491     39.0235     39.1126     39.1999     39.2686     39.3029
                 39.2962     39.2513     39.1802     39.0984     39.0066     38.9166     38.8267
                 38.7421     38.6686     38.6046     38.5363     38.4761     38.4485     38.5010
                 38.8323
     31.6228     40.1123     39.8566     39.8618     39.9815     40.1535     40.3439     40.5237
                 40.6558     40.7173     40.7180     40.6700     40.6026     40.5507     40.5335
                 40.5552     40.6028     40.6754     40.7592     40.8393     40.9005     40.9289
                 40.9187     40.8727     40.8015     40.7191     40.6266     40.5348     40.4425
                 40.3540     40.2734     40.1984     40.1169     40.0420     39.9989     40.0326
                 40.3122
     39.8107     41.7191     41.5106     41.5311     41.6542     41.8265     42.0174     42.1992
                 42.3382     42.4133     42.4325     42.4063     42.3608     42.3266     42.3210
                 42.3479     42.3965     42.4657     42.5434     42.6160     42.6700     42.6930
                 42.6798     42.6329     42.5615     42.4779     42.3836     42.2881     42.1904
                 42.0945     42.0040     41.9172     41.8246     41.7387     41.6831     41.6975
                 41.9279
     50.1187     43.4332     43.2678     43.3035     43.4317     43.6052     43.7958     43.9786
                 44.1232     44.2104     44.2464     44.2403     44.2146     44.1964     44.2012
                 44.2326     44.2815     44.3470     44.4182     44.4833     44.5301     44.5476
                 44.5311     44.4827     44.4103     44.3250     44.2280     44.1280     44.0243
                 43.9208     43.8210     43.7237     43.6213     43.5255     43.4574     43.4527
                 43.6380
     63.0957     45.2216     45.0956     45.1465     45.2809     45.4562     45.6464     45.8291
                 45.9778     46.0751     46.1258     46.1374     46.1297     46.1262     46.1406
                 46.1763     46.2254     46.2872     46.3522     46.4098     46.4494     46.4611
                 46.4407     46.3900     46.3160     46.2282     46.1282     46.0235     45.9142
                 45.8038     45.6958     45.5893     45.4782     45.3727     45.2921     45.2684
                 45.4126
     79.4328     47.0367     46.9455     47.0099     47.1498     47.3273     47.5178     47.7007
                 47.8525     47.9578     48.0205     48.0470     48.0545     48.0636     48.0863
                 48.1258     48.1753     48.2339     48.2932     48.3441     48.3768     48.3827
                 48.3582     48.3047     48.2286     48.1382     48.0352     47.9266     47.8125
                 47.6965     47.5817     47.4674     47.3481     47.2333     47.1407     47.0997
                 47.2074
    100.0000     48.8207     48.7591     48.8340     48.9774     49.1563     49.3469     49.5295
                 49.6830     49.7938     49.8654     49.9032     49.9224     49.9413     49.9706
                 50.0130     50.0625     50.1184     50.1729     50.2178     50.2445     50.2453
                 50.2169     50.1608     50.0828     49.9904     49.8853     49.7742     49.6572
                 49.5376     49.4181     49.2978     49.1718     49.0492     48.9467     48.8915
                 48.9683
    125.8925     50.5344     50.4972     50.5789     50.7228     50.9014     51.0913     51.2728
                 51.4263     51.5399     51.6169     51.6622     51.6895     51.7152     51.7487
                 51.7927     51.8418     51.8951     51.9456     51.9856     52.0072     52.0037
                 51.9722     51.9143     51.8352     51.7420     51.6364     51.5246     51.4069
                 51.2862     51.1644     51.0402     50.9096     50.7813     50.6718     50.6062
                 50.6579
    158.4893     52.1595     52.1400     52.2330     52.3797     52.5482     52.7246     52.8983
                 53.0525     53.1733     53.2601     53.3158     53.3519     53.3834     53.4196
                 53.4636     53.5109     53.5607     53.6076     53.6448     53.6651     53.6622
                 53.6332     53.5789     53.5039     53.4140     53.3102     53.1972     53.0755
                 52.9485     52.8199     52.6914     52.5612     52.4359     52.3256     52.2503
                 52.2781
    199.5262     53.7142     53.7099     53.8066     53.9512     54.1148     54.2854     54.4539
                 54.6054     54.7268     54.8168     54.8775     54.9191     54.9548     54.9933
                 55.0372     55.0828     55.1295     55.1723     55.2054     55.2222     55.2170
                 55.1870     55.1331     55.0592     54.9705     54.8680     54.7558     54.6346
                 54.5076     54.3788     54.2499     54.1196     53.9939     53.8817     53.8006
                 53.8112
    251.1886     55.1799     55.1878     55.2871     55.4289     55.5870     55.7514     55.9146
                 56.0629     56.1838     56.2753     56.3394     56.3849     56.4236     56.4635
                 56.5071     56.5511     56.5949     56.6343     56.6638     56.6776     56.6704
                 56.6397     56.5862     56.5137     56.4266     56.3259     56.2153     56.0957
                 55.9700     55.8421     55.7137     55.5843     55.4592     55.3464     55.2611
                 55.2576
    316.2278     56.5365     56.5541     56.6538     56.7919     56.9445     57.1031     57.2608
                 57.4048     57.5237     57.6152     57.6810     57.7288     57.7694     57.8100
                 57.8530     57.8954     57.9367     57.9730     57.9994     58.0107     58.0019
                 57.9708     57.9181     57.8471     57.7621     57.6638     57.5559     57.4389
                 57.3159     57.1903     57.0639     56.9363     56.8126     56.7000     56.6123
                 56.5978
    398.1072     57.7702     57.7950     57.8937     58.0269     58.1736     58.3261     58.4780
                 58.6175     58.7335     58.8239     58.8899     58.9387     58.9800     59.0204
                 59.0622     59.1028     59.1417     59.1753     59.1992     59.2085     59.1986
                 59.1677     59.1163     59.0475     58.9651     58.8700     58.7655     58.6521
                 58.5326     58.4101     58.2865     58.1616     58.0403     57.9294     57.8409
                 57.8181
    501.1872     58.8810     58.9110     59.0080     59.1357     59.2762     59.4228     59.5693
                 59.7042     59.8171     59.9058     59.9713     60.0200     60.0610     60.1006
                 60.1408     60.1794     60.2159     60.2472     60.2690     60.2767     60.2664
                 60.2360     60.1864     60.1202     60.0409     59.9494     59.8486     59.7391
                 59.6235     59.5045     59.3840     59.2621     59.1438     59.0353     58.9472
                 58.9181
    630.9573     59.8838     59.9253     60.0285     60.1599     60.2983     60.4354     60.5670
                 60.6866     60.7874     60.8683     60.9303     60.9784     61.0195     61.0584
                 61.0965     61.1314     61.1628     61.1881     61.2043     61.2079     61.1953
                 61.1647     61.1164     61.0528     60.9767     60.8892     60.7932     60.6900
                 60.5825     60.4732     60.3627     60.2492     60.1352     60.0261     59.9346
                 59.8988
    794.3282     60.7492     60.7962     60.8968     61.0243     61.1601     61.2943     61.4220
                 61.5372     61.6345     61.7135     61.7750     61.8234     61.8651     61.9041
                 61.9418     61.9760     62.0063     62.0304     62.0455     62.0484     62.0359
                 62.0063     61.9599     61.8988     61.8259     61.7420     61.6502     61.5518
                 61.4494     61.3451     61.2389     61.1286     61.0165     60.9083     60.8171
                 60.7768
   1000.0000     61.4740     61.5259     61.6242     61.7517     61.8898     62.0246     62.1496
                 62.2606     62.3548     62.4329     62.4956     62.5471     62.5926     62.6354
                 62.6762     62.7126     62.7442     62.7683     62.7823     62.7834     62.7689
                 62.7374     62.6896     62.6276     62.5544     62.4714     62.3819     62.2874
                 62.1902     62.0916     61.9900     61.8821     61.7693     61.6586     61.5653
                 61.5208
