      MEASURED                       ESTIMATED
     1.10000E-03    1.00000
      0.29355001E+00      0.63259000E+00      0.17430000E+01      0.14715000E+01
      0.35651100E+00      0.71662146E+00      0.17680792E+01      0.15417467E+01
     -0.14049000E+01     -0.18422000E+01     -0.61712998E+00     -0.47451001E+00
     -0.13863479E+01     -0.16418558E+01     -0.54126799E+00     -0.70282215E+00
    0.0810871    0.0810871
    0.0810871    0.0810871
     1.50000E-03    1.00000
     -0.30285001E+00      0.79193002E+00      0.26327000E+01      0.18397000E+01
     -0.27194518E+00      0.58753890E+00      0.26049356E+01      0.17966160E+01
     -0.10096000E+01     -0.17719001E+01     -0.74027997E+00     -0.88391997E-01
     -0.11918330E+01     -0.16491141E+01     -0.34390768E+00     -0.67816919E+00
    0.1124127    0.1124127
    0.1124127    0.1124127
     2.20000E-03    1.00000
     -0.14112000E+01      0.70974998E-01      0.36329000E+01      0.17279000E+01
     -0.11668034E+01      0.21552753E+00      0.37469680E+01      0.17420439E+01
     -0.10385000E+01     -0.10563000E+01     -0.19805001E+00     -0.10195000E+01
     -0.88666338E+00     -0.12210916E+01     -0.53398706E-01     -0.45607466E+00
    0.1408010    0.1408010
    0.1408010    0.1408010
     3.10000E-03    1.00000
     -0.92286998E+00      0.79720998E+00      0.25785999E+01      0.14640000E+01
     -0.87700850E+00      0.53052169E+00      0.26203783E+01      0.13253174E+01
     -0.68071997E+00     -0.10865999E+01      0.15281001E+00     -0.52502000E+00
     -0.55495352E+00     -0.13201348E+01     -0.26248258E-02     -0.55551636E+00
    0.1037824    0.1037824
    0.1037824    0.1037824
     4.40000E-03    1.00000
     -0.27608001E+00     -0.66739999E-01      0.10051000E+01      0.12742000E+01
     -0.55189210E+00     -0.32255925E-01      0.97489786E+00      0.12162833E+01
     -0.86369002E+00     -0.88077998E+00      0.48054001E+00     -0.40627000E+00
     -0.76321167E+00     -0.97157663E+00      0.13217138E+00     -0.35986286E+00
    0.0568016    0.0568016
    0.0568016    0.0568016
     6.20000E-03    1.00000
     -0.25760999E+00     -0.39570999E+00      0.92501003E+00      0.18460000E+01
     -0.49465051E+00     -0.29469764E-01      0.83247644E+00      0.14566449E+01
     -0.65294999E+00     -0.48582000E+00      0.42787999E+00     -0.92074001E+00
     -0.65102422E+00     -0.11638501E+01      0.13155991E+00     -0.43830359E+00
    0.0722677    0.0722677
    0.0722677    0.0722677
     8.90000E-03    1.00000
     -0.12196000E+00     -0.56926001E-01      0.57201999E+00      0.86570001E+00
     -0.23173809E+00     -0.53720508E-01      0.53818041E+00      0.82352495E+00
     -0.43579999E+00     -0.60180002E+00      0.15230000E+00     -0.22418000E+00
     -0.42347661E+00     -0.65689611E+00      0.14651634E-01     -0.21816567E+00
    0.0363165    0.0363165
    0.0363165    0.0363165
     1.25000E-02    1.00000
     -0.52955002E-01      0.19967999E-01      0.59288001E+00      0.40538999E+00
     -0.12537892E+00      0.15844581E+00      0.57185298E+00      0.50814503E+00
     -0.46331999E+00     -0.47161999E+00      0.98018004E-02     -0.45866999E+00
     -0.45354384E+00     -0.41099048E+00     -0.81069022E-01     -0.28781259E+00
    0.0251379    0.0251379
    0.0251379    0.0272590
     1.78000E-02    1.00000
      0.35048001E-01      0.12017000E+00      0.51710999E+00      0.31088999E+00
     -0.25261441E-01      0.14996986E+00      0.47056976E+00      0.27510321E+00
     -0.48205000E+00     -0.27406999E+00      0.42449000E+00     -0.65722000E-02
     -0.56050372E+00     -0.29137087E+00      0.35872704E+00      0.15444781E-01
    0.0211179    0.0211179
    0.0211179    0.0211179
     2.50000E-02    1.00000
     -0.29556001E-01      0.11554000E-02      0.25723001E+00      0.24504000E+00
     -0.54754384E-01      0.59064426E-01      0.28069597E+00      0.23341037E+00
     -0.35123000E+00     -0.28387001E+00      0.28061000E+00      0.40362999E-01
     -0.34308881E+00     -0.26223925E+00      0.26078251E+00      0.93504190E-01
    0.0158061    0.0158061
    0.0158061    0.0158061
     3.57000E-02    1.00000
     -0.20948000E-01     -0.11306000E-01      0.22092000E+00      0.21262001E+00
     -0.39084017E-01      0.29598435E-01      0.23221587E+00      0.19451220E+00
     -0.28299001E+00     -0.22871000E+00      0.22368000E+00      0.65282002E-01
     -0.28246307E+00     -0.22286168E+00      0.20841421E+00      0.10106248E+00
    0.0127350    0.0127350
    0.0127350    0.0127350
     5.00000E-02    1.00000
     -0.15004000E-01     -0.76290001E-02      0.18850000E+00      0.18032999E+00
     -0.27747300E-01      0.12854228E-01      0.20839287E+00      0.16442931E+00
     -0.26363999E+00     -0.18749000E+00      0.18698999E+00      0.83076000E-01
     -0.25187030E+00     -0.19107591E+00      0.17839229E+00      0.99780202E-01
    0.0113228    0.0113228
    0.0113228    0.0113228
     7.14000E-02    1.00000
     -0.95316004E-02     -0.58407998E-02      0.15721001E+00      0.14225000E+00
     -0.12153964E-01      0.57341908E-02      0.16195498E+00      0.13218425E+00
     -0.23285000E+00     -0.15796000E+00      0.16764000E+00      0.86042002E-01
     -0.23884739E+00     -0.15325101E+00      0.15305205E+00      0.10496043E+00
    0.0098480    0.0098480
    0.0098480    0.0098480
     9.99000E-02    1.00000
     -0.95277997E-02     -0.27458000E-02      0.13621999E+00      0.11673000E+00
     -0.13666077E-01      0.54406831E-02      0.13995548E+00      0.11087078E+00
     -0.21287000E+00     -0.12767000E+00      0.14363000E+00      0.79117998E-01
     -0.21482721E+00     -0.12685996E+00      0.13629450E+00      0.87231979E-01
    0.0086877    0.0086877
    0.0086877    0.0086877
    0.142800    1.00000
     -0.85186996E-02     -0.21514001E-02      0.12111000E+00      0.10919000E+00
     -0.14070501E-01      0.41892896E-02      0.12435954E+00      0.10590811E+00
     -0.19691999E+00     -0.12198000E+00      0.12604000E+00      0.83578996E-01
     -0.19602093E+00     -0.12386584E+00      0.12356367E+00      0.84612340E-01
    0.0081074    0.0081074
    0.0081074    0.0081074
    0.199900    1.00000
     -0.10341000E-01     -0.22330000E-02      0.10301000E+00      0.92915997E-01
     -0.16135149E-01      0.26523587E-02      0.10517907E+00      0.90812661E-01
     -0.18045001E+00     -0.10641000E+00      0.10738000E+00      0.74731998E-01
     -0.17706634E+00     -0.10871384E+00      0.10990493E+00      0.73750429E-01
    0.0073321    0.0073321
    0.0073321    0.0073321
    0.285700    1.00000
     -0.10808000E-01     -0.38113999E-02      0.85037000E-01      0.86003996E-01
     -0.11188781E-01     -0.75913938E-02      0.87356873E-01      0.81459507E-01
     -0.15733001E+00     -0.10534000E+00      0.87374002E-01      0.74869998E-01
     -0.15729231E+00     -0.10510476E+00      0.85010007E-01      0.79477966E-01
    0.0066269    0.0066269
    0.0066269    0.0066269
    0.400000    1.00000
     -0.10487000E-01     -0.62040002E-02      0.73123999E-01      0.65206997E-01
     -0.11870617E-01     -0.62049720E-02      0.73207378E-01      0.67135140E-01
     -0.16839001E+00     -0.85878998E-01      0.71151003E-01      0.67469001E-01
     -0.16829517E+00     -0.85869171E-01      0.71059071E-01      0.65505803E-01
    0.0066159    0.0066159
    0.0086072    0.0080712
    0.571400    1.00000
     -0.10527000E-01     -0.57176999E-02      0.58584001E-01      0.60658000E-01
     -0.90512810E-02     -0.65734023E-02      0.58168687E-01      0.63493177E-01
     -0.12805000E+00     -0.91596000E-01      0.56058999E-01      0.64792000E-01
     -0.12815319E+00     -0.91523111E-01      0.56489423E-01      0.61900899E-01
    0.0055103    0.0055103
    0.0055103    0.0055103
    0.800000    1.00000
     -0.71402001E-02     -0.86243004E-02      0.44911999E-01      0.52878998E-01
     -0.71154651E-02     -0.58856723E-02      0.43027092E-01      0.52929495E-01
     -0.10093000E+00     -0.82046002E-01      0.39834999E-01      0.51610000E-01
     -0.10094143E+00     -0.82233109E-01      0.41754354E-01      0.51572584E-01
    0.0045525    0.0045525
    0.0045525    0.0045525
     1.14280    1.00000
     -0.45012999E-02     -0.83918003E-02      0.31127000E-01      0.45313999E-01
     -0.42858259E-02     -0.10389662E-01      0.34986444E-01      0.45427486E-01
     -0.74530996E-01     -0.72433002E-01      0.25648000E-01      0.44271000E-01
     -0.73348872E-01     -0.72477594E-01      0.23643330E-01      0.43602623E-01
    0.0036375    0.0036375
    0.0036375    0.0036375
     1.60000    1.00000
     -0.20834999E-02     -0.72420002E-02      0.25320999E-01      0.35475001E-01
     -0.25961853E-02     -0.73045180E-02      0.27018754E-01      0.35802212E-01
     -0.60506999E-01     -0.61386999E-01      0.17417001E-01      0.32195002E-01
     -0.60011040E-01     -0.61289977E-01      0.16350439E-01      0.32000493E-01
    0.0030168    0.0030168
    0.0030168    0.0030168
     2.28570    1.00000
     -0.15042000E-02     -0.43668002E-02      0.19453000E-01      0.26704000E-01
     -0.14667445E-02     -0.36959080E-02      0.20290377E-01      0.26004335E-01
     -0.47600999E-01     -0.51924001E-01      0.11425000E-01      0.18359000E-01
     -0.47344889E-01     -0.52110199E-01      0.10987232E-01      0.18938322E-01
    0.0024654    0.0024654
    0.0024654    0.0024654
     3.20000    1.00000
     -0.70873997E-03     -0.28462999E-02      0.15356000E-01      0.21011000E-01
     -0.11484782E-02     -0.18326100E-02      0.15033189E-01      0.18049981E-01
     -0.34671001E-01     -0.38766999E-01      0.82662003E-02      0.92890998E-02
     -0.34786575E-01     -0.39627265E-01      0.83056465E-02      0.11185646E-01
    0.0018203    0.0018203
    0.0018203    0.0018203
     4.57140    1.00000
     -0.40853000E-03     -0.25372000E-02      0.12025000E-01      0.16751001E-01
     -0.94428059E-03     -0.17714641E-02      0.11881370E-01      0.15630504E-01
     -0.27519999E-01     -0.33364002E-01      0.64101000E-02      0.89069996E-02
     -0.27582694E-01     -0.33677503E-01      0.63265483E-02      0.97587965E-02
    0.0015137    0.0015137
    0.0015137    0.0015137
     6.40000    1.00000
     -0.26917001E-03     -0.17605000E-02      0.93569001E-02      0.13559000E-01
     -0.66129968E-03     -0.15234506E-02      0.93787313E-02      0.13094043E-01
     -0.22180000E-01     -0.27884999E-01      0.48970999E-02      0.79533001E-02
     -0.22187285E-01     -0.28017955E-01      0.47658137E-02      0.82822228E-02
    0.0012471    0.0012471
    0.0012471    0.0012471
     9.14280    1.00000
     -0.16764000E-03     -0.20796999E-02      0.75260000E-02      0.10807000E-01
     -0.43000188E-03     -0.14077929E-02      0.78275315E-02      0.10902600E-01
     -0.19200999E-01     -0.22694999E-01      0.38931000E-02      0.71226000E-02
     -0.19118635E-01     -0.22642076E-01      0.36467600E-02      0.72740824E-02
    0.0010405    0.0010405
    0.0010405    0.0011342
     12.8000    1.00000
     -0.89460002E-04     -0.10079000E-02      0.67607001E-02      0.80298996E-02
     -0.63589879E-03     -0.10260008E-02      0.71658180E-02      0.85412627E-02
     -0.16411999E-01     -0.18271999E-01      0.43857000E-02      0.57780002E-02
     -0.16308226E-01     -0.18117163E-01      0.39957641E-02      0.54900143E-02
    0.0008596    0.0008596
    0.0008596    0.0008596
     18.2857    1.00000
      0.17455000E-03     -0.64465002E-03      0.59199999E-02      0.70711002E-02
      0.28758734E-04     -0.56468626E-03      0.59487843E-02      0.72403299E-02
     -0.13459000E-01     -0.15117000E-01      0.36970000E-02      0.58069001E-02
     -0.13463004E-01     -0.15050283E-01      0.36362333E-02      0.57764286E-02
    0.0007084    0.0007084
    0.0007084    0.0007084
     25.6000    1.00000
      0.16173000E-03     -0.39043999E-03      0.51132999E-02      0.59564998E-02
      0.56759538E-04     -0.50234864E-03      0.51419693E-02      0.60442816E-02
     -0.11708000E-01     -0.12515000E-01      0.31177001E-02      0.49612001E-02
     -0.11708112E-01     -0.12495168E-01      0.30712083E-02      0.48919045E-02
    0.0005998    0.0005998
    0.0005998    0.0005998
     36.5714    1.00000
      0.11690000E-03     -0.17920000E-03      0.44522998E-02      0.49435999E-02
      0.27073151E-03     -0.21736628E-03      0.43011690E-02      0.48620682E-02
     -0.10253000E-01     -0.10435000E-01      0.19604000E-02      0.34997000E-02
     -0.10290885E-01     -0.10467108E-01      0.20661610E-02      0.35145059E-02
    0.0005120    0.0005120
    0.0005120    0.0005120
     51.2000    1.00000
      0.13031000E-03     -0.69529997E-04      0.35852001E-02      0.42197998E-02
      0.28750286E-03     -0.13387782E-03      0.36877543E-02      0.40703528E-02
     -0.89974999E-02     -0.88114999E-02      0.16273001E-02      0.28047999E-02
     -0.89465948E-02     -0.88698138E-02      0.16467525E-02      0.28338956E-02
    0.0004408    0.0004408
    0.0004408    0.0004408
     73.1428    1.00000
      0.15356000E-03      0.41506999E-04      0.29052999E-02      0.35337000E-02
      0.17935738E-03     -0.16962519E-03      0.28080789E-02      0.35837672E-02
     -0.74958000E-02     -0.75587002E-02      0.10865000E-02      0.24981999E-02
     -0.75212936E-02     -0.75587803E-02      0.11529694E-02      0.24085853E-02
    0.0003726    0.0003726
    0.0003726    0.0003726
    102.4000    1.00000
      0.91307003E-04      0.29355001E-05      0.23084001E-02      0.31214999E-02
      0.18605158E-03     -0.65342836E-04      0.22809219E-02      0.31027426E-02
     -0.63145999E-02     -0.69517000E-02      0.79834001E-03      0.19013000E-02
     -0.63159671E-02     -0.69615091E-02      0.84160746E-03      0.18936177E-02
    0.0003287    0.0003287
    0.0003287    0.0003287
     146.286    1.00000
     -0.31654999E-04      0.78124998E-04      0.16060000E-02      0.25334000E-02
      0.13164720E-03     -0.42654128E-05      0.18260729E-02      0.25979339E-02
     -0.50404002E-02     -0.60997000E-02      0.80287002E-03      0.15293000E-02
     -0.49678935E-02     -0.60871355E-02      0.71446621E-03      0.14669077E-02
    0.0002769    0.0002769
    0.0003147    0.0005801
     204.800    1.00000
     -0.23888999E-05      0.79331003E-04      0.13471000E-02      0.20570999E-02
      0.14497935E-03      0.52173582E-04      0.12600780E-02      0.19809466E-02
     -0.36907000E-02     -0.49021002E-02      0.27143001E-03      0.94939000E-03
     -0.37052222E-02     -0.49252310E-02      0.36571556E-03      0.98819681E-03
    0.0002148    0.0002148
    0.0002537    0.0003612
     292.571    1.00000
     -0.12678999E-03      0.11448000E-04      0.99513005E-03      0.16650000E-02
     -0.58643756E-04     -0.95734162E-04      0.11337014E-02      0.16432351E-02
     -0.31454000E-02     -0.44547999E-02      0.72721997E-03      0.10921001E-02
     -0.30991950E-02     -0.44670687E-02      0.71333547E-03      0.10645757E-02
    0.0001909    0.0001909
    0.0002705    0.0003503
     409.600    1.00000
     -0.99689001E-04     -0.24982000E-04      0.77509001E-03      0.14137001E-02
      0.15644770E-04     -0.46061457E-04      0.77178061E-03      0.13502121E-02
     -0.22444001E-02     -0.37259001E-02      0.29066001E-03      0.77220000E-03
     -0.22394280E-02     -0.37465424E-02      0.32700304E-03      0.78168407E-03
    0.0001522    0.0001522
    0.0002480    0.0002697
