#
# Example input file for strike
#
>STATION   :example
>STATION_RR:
>AZIMUTH   =         0.0
>LATITUDE  =         0.0
>LONGITUDE =         0.0
>ELEVATION =         0.0
EXAMPLE    0.0
RXX
   25
 4.0000       57.107     -147.6  63.85      50.88      -143.7 -151.4 0.30 0.30
 5.3333       51.023     -153.4  51.83      50.22      -152.9 -153.9 0.24 0.24
 8.0000       40.067     -138.6  43.96      36.49      -135.1 -142.2 0.39 0.39
 10.667       47.327     -128.1  52.29      42.97      -123.5 -132.7 0.46 0.46
 16.000       37.375     -133.4  42.28      33.07      -128.3 -138.5 0.42 0.42
 20.000       18.685     -110.1  19.02      18.37      -108.7 -111.6 0.19 0.19
 26.667       13.560     -108.4  13.80      13.34      -106.9 -109.9 0.20 0.20
 40.000       8.9495      -93.5  9.017      8.918       -90.9  -96.1 0.15 0.15
 53.333       5.5743     -101.5  5.706      5.473       -98.5 -104.5 0.10 0.10
 80.000       2.8479      -78.4  3.045      2.747       -71.0  -85.8 0.07 0.07
 106.67       2.7854      -82.3  2.927      2.736       -75.0  -89.7 0.04 0.04
 160.00      0.83221      -65.4  1.088     0.7043       -49.9  -80.9 0.01 0.01
 213.33      0.86210     -122.4  1.216     0.6628      -105.7 -139.1 0.01 0.01
 320.00       1.5390     -164.7  2.137      1.045      -154.3 -175.1 0.05 0.05
 426.67       1.3564     -143.5  1.757      1.031      -134.1 -153.0 0.01 0.01
 640.00       1.0482      120.2  1.303     0.8785       131.6  108.8 0.12 0.12
 853.33      0.42840      123.0 0.6063     0.3273       139.6  106.3 0.11 0.11
 1280.0      0.71934       78.0  1.346     0.8978       114.8   41.2 0.15 0.15
 1706.7      0.49390       65.6 0.6702     0.4145        83.0   48.2 0.14 0.14
 2560.0      0.89879       49.8  2.207     0.5303        85.7   14.0 0.22 0.22
 3413.3       3.5650       71.3  5.150      3.232        94.0   48.5 0.48 0.48
 5120.0       2.6319       69.3  8.036      3.865       117.6   21.0 0.50 0.50
 6826.7       3.0814       64.2  11.43      4.631       115.9   12.5 0.67 0.67
 10240.       1.7484       74.3  1.778      1.722        76.0   72.6 0.66 0.66
 13653.       6.1310       85.0  6.153      6.113        86.0   83.9 0.63 0.63
RXY
   25
 4.0000       326.32       64.5  337.6      316.0        66.7   62.3 0.81 0.81
 5.3333       284.78       59.0  286.1      283.5        59.2   58.7 0.80 0.80
 8.0000       240.80       58.3  246.3      235.5        59.6   57.1 0.82 0.82
 10.667       205.92       58.0  211.6      200.5        59.5   56.5 0.85 0.85
 16.000       206.27       54.7  210.7      202.0        55.7   53.6 0.82 0.82
 20.000       196.84       55.8  198.0      195.6        56.1   55.5 0.80 0.80
 26.667       175.00       58.2  175.9      174.1        58.5   57.9 0.81 0.81
 40.000       162.74       60.6  164.0      161.5        61.0   60.1 0.84 0.84
 53.333       154.56       64.3  155.6      153.5        64.8   63.9 0.81 0.81
 80.000       118.54       65.0  119.9      117.2        65.8   64.2 0.80 0.80
 106.67       91.371       72.7  92.27      90.52        73.6   71.8 0.77 0.77
 160.00       69.033       67.8  70.14      67.99        69.0   66.6 0.76 0.76
 213.33       63.567       79.3  64.11      63.08        80.6   78.1 0.76 0.76
 320.00       44.593       81.1  44.92      44.31        82.4   79.9 0.68 0.68
 426.67       37.195       86.9  37.32      37.12        88.3   85.5 0.59 0.59
 640.00       24.315       85.3  24.51      24.19        87.6   83.0 0.56 0.56
 853.33       21.652       82.8  21.82      21.52        84.4   81.3 0.62 0.62
 1280.0       13.471       98.4  14.46      13.19       107.6   89.1 0.47 0.47
 1706.7       11.552       75.5  11.73      11.40        77.1   73.8 0.56 0.56
 2560.0       12.184       94.6  13.26      12.37       107.5   81.8 0.52 0.52
 3413.3       15.010       93.0  16.23      15.47       106.4   79.7 0.48 0.48
 5120.0       6.2965       92.9  11.93      10.77       134.8   51.1 0.44 0.44
 6826.7       4.9800       93.7  20.43      18.22       153.2   34.2 0.45 0.45
 10240.       11.175       60.5  11.25      11.10        60.8   60.1 0.67 0.67
 13653.       8.5072       63.5  8.576      8.440        64.0   63.0 0.44 0.44
RYX
   25
 4.0000       24044.     -143.2 0.2613E+05 0.2209E+05  -140.2 -146.2 0.82 0.82
 5.3333       31658.     -145.3 0.3168E+05 0.3164E+05  -145.3 -145.3 0.78 0.78
 8.0000       36007.     -140.0 0.3714E+05 0.3490E+05  -138.9 -141.2 0.84 0.84
 10.667       34855.     -138.3 0.3571E+05 0.3402E+05  -137.3 -139.2 0.88 0.88
 16.000       33013.     -136.4 0.3420E+05 0.3186E+05  -135.0 -137.8 0.86 0.86
 20.000       38217.     -133.9 0.3845E+05 0.3799E+05  -133.6 -134.1 0.84 0.84
 26.667       36930.     -131.6 0.3712E+05 0.3674E+05  -131.4 -131.8 0.88 0.88
 40.000       35965.     -128.1 0.3620E+05 0.3573E+05  -127.8 -128.4 0.92 0.92
 53.333       32377.     -127.1 0.3260E+05 0.3216E+05  -126.8 -127.4 0.89 0.89
 80.000       30998.     -124.2 0.3137E+05 0.3063E+05  -123.5 -124.8 0.92 0.92
 106.67       23471.     -122.6 0.2374E+05 0.2321E+05  -122.0 -123.2 0.86 0.86
 160.00       26231.     -117.2 0.2658E+05 0.2590E+05  -116.4 -118.0 0.92 0.92
 213.33       16579.     -111.9 0.1680E+05 0.1637E+05  -110.9 -112.9 0.86 0.86
 320.00       12540.     -115.7 0.1275E+05 0.1234E+05  -114.6 -116.8 0.83 0.83
 426.67       9977.3     -114.4 0.1014E+05  9824.      -113.3 -115.5 0.82 0.82
 640.00       7551.0     -114.8  7713.      7399.      -113.3 -116.2 0.79 0.79
 853.33       7036.8     -107.8  7129.      6950.      -106.6 -109.0 0.85 0.85
 1280.0       5306.0     -106.3  5332.      5280.      -105.8 -106.8 0.83 0.83
 1706.7       5885.9     -106.9  5968.      5810.      -105.5 -108.2 0.87 0.87
 2560.0       4285.5     -105.4  4310.      4262.      -104.8 -106.0 0.88 0.88
 3413.3       4839.1     -109.3  4876.      4803.      -108.7 -110.0 0.90 0.90
 5120.0       3596.1     -100.4  3639.      3560.       -98.6 -102.1 0.92 0.92
 6826.7       2304.6     -106.2  2369.      2250.      -103.6 -108.9 0.87 0.87
 10240.       2371.4     -103.0  2388.      2356.      -102.1 -103.9 0.91 0.91
 13653.       2789.3      -83.0  2801.      2779.       -82.0  -83.9 0.67 0.67
RYY
   25
 4.0000       2729.9     -127.4  2751.      2709.      -127.0 -127.7 0.44 0.44
 5.3333       2388.5     -112.0  2391.      2386.      -112.0 -112.1 0.32 0.32
 8.0000       3912.8     -123.2  4231.      3633.      -119.2 -127.2 0.37 0.37
 10.667       3859.5     -114.7  4016.      3719.      -112.1 -117.4 0.49 0.49
 16.000       2134.7      -94.8  2211.      2122.       -87.9 -101.8 0.30 0.30
 20.000       3317.0     -104.7  3342.      3293.      -103.8 -105.5 0.35 0.35
 26.667       2421.9      -95.8  2430.      2415.       -95.0  -96.7 0.32 0.32
 40.000       2053.7      -87.1  2059.      2050.       -85.8  -88.4 0.37 0.37
 53.333       1462.6      -81.4  1483.      1447.       -79.0  -83.7 0.30 0.30
 80.000       1034.3      -65.9  1079.      994.8       -63.1  -68.8 0.26 0.26
 106.67       230.83      -72.0  252.0      216.7       -64.9  -79.0 0.10 0.10
 160.00       782.56      -75.1  816.1      757.3       -70.9  -79.2 0.28 0.28
 213.33       30.263      -54.4  62.76      20.05       -23.2  -85.7 0.01 0.01
 320.00       22.428      -70.4  31.55      19.97       -49.4  -91.5 0.02 0.02
 426.67       94.014     -103.0  106.1      89.35       -91.8 -114.2 0.02 0.02
 640.00       10.223      -76.6  21.98      13.77       -35.7 -117.4 0.01 0.01
 853.33       3.2550      -81.1  12.09      9.057       -24.8 -137.4 0.00 0.00
 1280.0       2.4471       54.5  3.886      1.719        75.4   33.6 0.01 0.01
 1706.7       77.472      101.5  86.51      74.37       112.6   90.5 0.05 0.05
 2560.0       58.435      110.6  63.33      54.80       116.5  104.6 0.04 0.04
 3413.3       35.259      119.3  41.44      30.76       128.1  110.5 0.12 0.12
 5120.0       41.214      130.5  64.99      27.54       149.8  111.2 0.05 0.05
 6826.7       39.817       48.6  85.75      22.57        79.6   17.7 0.04 0.04
 10240.       409.08       76.1  412.3      406.1        77.0   75.2 0.31 0.31
 13653.       245.39     -156.8  256.2      234.9      -155.4 -158.1 0.06 0.06
