Calibration measurement with Solartron
Metronix GmbH, Kocherstr. 3, 38120 Braunschweig

  Magnetometer: 099    Date: 01/02/11    Time: 11:29:25


 FREQUENCY    MAGNITUDE      PHASE    
    Hz                     deg    
Chopper On
+1.0000E-01  +1.9966E-01  +8.8554E+01   
+1.2328E-01  +1.9980E-01  +8.8243E+01    
+1.5199E-01  +1.9961E-01  +8.7820E+01    
+1.8738E-01  +1.9952E-01  +8.7335E+01    
+2.3101E-01  +1.9951E-01  +8.6730E+01    
+2.8480E-01  +1.9930E-01  +8.5999E+01    
+3.5112E-01  +1.9929E-01  +8.5068E+01    
+4.3288E-01  +1.9850E-01  +8.3956E+01    
+5.3367E-01  +1.9825E-01  +8.2531E+01    
+6.5790E-01  +1.9722E-01  +8.0887E+01    
+8.1110E-01  +1.9590E-01  +7.8829E+01    
+1.0000E+00  +1.9433E-01  +7.6674E+01    
+1.2329E+00  +1.9086E-01  +7.3270E+01    
+1.5199E+00  +1.8721E-01  +6.9831E+01    
+1.8738E+00  +1.8187E-01  +6.5673E+01    
+2.3101E+00  +1.7430E-01  +6.0843E+01    
+2.8481E+00  +1.6482E-01  +5.5617E+01    
+3.5112E+00  +1.5216E-01  +4.9750E+01    
+4.3288E+00  +1.3794E-01  +4.3802E+01    
+5.3368E+00  +1.2248E-01  +3.7894E+01    
+6.5790E+00  +1.0632E-01  +3.2207E+01    
+8.1110E+00  +9.0859E-02  +2.7127E+01    
+1.0000E+01  +7.6353E-02  +2.2570E+01    
+1.2329E+01  +6.3964E-02  +1.8522E+01    
+1.5199E+01  +5.2553E-02  +1.5177E+01    
+1.8738E+01  +4.2705E-02  +1.2328E+01    
+2.3102E+01  +3.5266E-02  +1.0022E+01    
+2.8481E+01  +2.8701E-02  +8.1415E+00    
+3.5112E+01  +2.3322E-02  +6.5242E+00    
+4.3288E+01  +1.9060E-02  +4.6001E+00    
+5.3368E+01  +1.5468E-02  +4.0854E+00    
+6.5790E+01  +1.2531E-02  +3.1133E+00    
+8.1110E+01  +1.0212E-02  +2.3498E+00    
+1.0000E+02  +8.2686E-03  +1.6669E+00    
+1.2329E+02  +6.7067E-03  +1.0396E+00    
+1.5199E+02  +5.4085E-03  +9.5436E-01    
+1.8739E+02  +4.4131E-03  -1.5342E-01    
+2.3102E+02  +3.5806E-03  -6.4342E-01    
+2.8481E+02  +2.9005E-03  -1.0384E+00    
+3.5113E+02  +2.3634E-03  -1.7474E+00    
+4.3289E+02  +1.9111E-03  -2.5104E+00    
+5.3368E+02  +1.5516E-03  -3.3179E+00    
+6.5790E+02  +1.2601E-03  -4.3367E+00    
+8.1120E+02  +1.0217E-03  -5.5604E+00    
+1.0000E+03  +8.2974E-04  -7.0711E+00    
+1.2329E+03  +6.7383E-04  -8.8803E+00    
+1.5200E+03  +5.4568E-04  -1.1244E+01    
+1.8739E+03  +4.4308E-04  -1.4009E+01    
+2.3102E+03  +3.6149E-04  -1.8345E+01    
+2.8481E+03  +2.8558E-04  -2.3168E+01    
+3.5113E+03  +2.2544E-04  -2.9013E+01    
+4.3289E+03  +1.7291E-04  -3.6494E+01    
+5.3369E+03  +1.2330E-04  -4.3938E+01    
+6.5795E+03  +8.7190E-05  -4.4529E+01    
+8.1115E+03  +7.0441E-05  -4.7394E+01    
+1.0000E+04  +5.5437E-05  -5.5896E+01    
                                        
 FREQUENCY    MAGNITUDE      PHASE       
    Hz                     deg          
Chopper Off                             
+1.0000E+00  +1.8416E-01  +1.1410E+02   
+1.2328E+00  +1.9638E-01  +1.0514E+02    
+1.5199E+00  +2.0249E-01  +9.5255E+01    
+1.8738E+00  +2.0345E-01  +8.5380E+01    
+2.3101E+00  +1.9771E-01  +7.5382E+01    
+2.8480E+00  +1.8673E-01  +6.5752E+01    
+3.5112E+00  +1.7065E-01  +5.6452E+01    
+4.3288E+00  +1.5187E-01  +4.7822E+01    
+5.3367E+00  +1.3217E-01  +4.0150E+01    
+6.5790E+00  +1.1274E-01  +3.3300E+01    
+8.1110E+00  +9.4874E-02  +2.7563E+01    
+1.0000E+01  +7.8801E-02  +2.2503E+01    
+1.2329E+01  +6.4893E-02  +1.8374E+01    
+1.5199E+01  +5.3280E-02  +1.4930E+01    
+1.8738E+01  +4.3786E-02  +1.2150E+01    
+2.3101E+01  +3.5501E-02  +9.7879E+00    
+2.8481E+01  +2.8890E-02  +7.7846E+00    
+3.5112E+01  +2.3530E-02  +6.2648E+00    
+4.3288E+01  +1.9081E-02  +5.0352E+00    
+5.3368E+01  +1.5508E-02  +3.9447E+00    
+6.5790E+01  +1.2564E-02  +3.0745E+00    
+8.1110E+01  +1.0199E-02  +2.2633E+00    
+1.0000E+02  +8.2741E-03  +1.6027E+00    
+1.2329E+02  +6.7136E-03  +1.0026E+00    
+1.5199E+02  +5.4461E-03  +4.5025E-01    
+1.8738E+02  +4.4085E-03  -1.3191E-01    
+2.3102E+02  +3.5824E-03  -6.2828E-01    
+2.8481E+02  +2.8989E-03  -1.2443E+00    
+3.5112E+02  +2.3656E-03  -1.9862E+00    
+4.3288E+02  +1.9154E-03  -2.4813E+00    
+5.3368E+02  +1.5532E-03  -3.2898E+00    
+6.5790E+02  +1.2609E-03  -4.3089E+00    
+8.1110E+02  +1.0238E-03  -5.5210E+00    
+1.0000E+03  +8.3103E-04  -7.0290E+00    
+1.2329E+03  +6.7429E-04  -8.8894E+00    
+1.5199E+03  +5.4694E-04  -1.1171E+01    
+1.8739E+03  +4.4330E-04  -1.3930E+01    
+2.3102E+03  +3.6181E-04  -1.8297E+01    
+2.8481E+03  +2.8586E-04  -2.3064E+01    
+3.5113E+03  +2.2568E-04  -2.8880E+01    
+4.3289E+03  +1.7313E-04  -3.6290E+01    
+5.3368E+03  +1.2362E-04  -4.3726E+01    
+6.5795E+03  +8.7493E-05  -4.4365E+01    
+8.1115E+03  +7.0612E-05  -4.7251E+01    
+1.0000E+04  +5.5525E-05  -5.5682E+01    
