Calibration measurement with Solartron
Metronix GmbH, Kocherstr. 3, 38120 Braunschweig

  Magnetometer: MFS06 #103    Date: 15/10/02    Time: 15:40:19



 FREQUENCY    MAGNITUDE      PHASE    
    Hz                     deg    
Chopper On
+1.0000E-01  +1.9993E-01  +8.8536E+01    
+1.2589E-01  +2.0013E-01  +8.8162E+01    
+1.5849E-01  +1.9985E-01  +8.7717E+01    
+1.9953E-01  +1.9949E-01  +8.7159E+01    
+2.5119E-01  +1.9974E-01  +8.6439E+01    
+3.1623E-01  +1.9961E-01  +8.5524E+01    
+3.9811E-01  +1.9918E-01  +8.4394E+01    
+5.0119E-01  +1.9844E-01  +8.2993E+01    
+6.3095E-01  +1.9745E-01  +8.1252E+01    
+7.9430E-01  +1.9640E-01  +7.9056E+01    
+1.0000E+00  +1.9423E-01  +7.6311E+01    
+1.2589E+00  +1.9110E-01  +7.3033E+01    
+1.5849E+00  +1.8648E-01  +6.9013E+01    
+1.9952E+00  +1.7996E-01  +6.4258E+01    
+2.5119E+00  +1.7076E-01  +5.8756E+01    
+3.1623E+00  +1.5873E-01  +5.2679E+01    
+3.9810E+00  +1.4409E-01  +4.6243E+01    
+5.0118E+00  +1.2726E-01  +3.9648E+01    
+6.3095E+00  +1.0975E-01  +3.3391E+01    
+7.9430E+00  +9.2434E-02  +2.7554E+01    
+1.0000E+01  +7.6537E-02  +2.2510E+01    
+1.2589E+01  +6.2520E-02  +1.8212E+01    
+1.5849E+01  +5.0522E-02  +1.4468E+01    
+1.9952E+01  +4.0671E-02  +1.1616E+01    
+2.5119E+01  +3.2566E-02  +9.1711E+00    
+3.1622E+01  +2.5979E-02  +7.1993E+00    
+3.9810E+01  +2.0726E-02  +5.6322E+00    
+5.0118E+01  +1.6500E-02  +4.2249E+00    
+6.3095E+01  +1.3108E-02  +3.2672E+00    
+7.9430E+01  +1.0420E-02  +2.3589E+00    
+1.0000E+02  +8.2424E-03  +1.3438E+00    
+1.2589E+02  +6.5774E-03  +8.9452E-01    
+1.5849E+02  +5.2329E-03  +3.4836E-01    
+1.9952E+02  +4.1578E-03  -4.4677E-01    
+2.5118E+02  +3.3055E-03  -1.1250E+00    
+3.1622E+02  +2.6170E-03  -2.2217E+00    
+3.9810E+02  +2.0701E-03  -2.7486E+00    
+5.0118E+02  +1.6449E-03  -3.5963E+00    
+6.3094E+02  +1.3061E-03  -4.7046E+00    
+7.9430E+02  +1.0366E-03  -6.0326E+00    
+1.0000E+03  +8.2205E-04  -7.7398E+00    
+1.2589E+03  +6.5110E-04  -9.8345E+00    
+1.5849E+03  +5.1555E-04  -1.2465E+01    
+1.9952E+03  +4.0965E-04  -1.6150E+01    
+2.5118E+03  +3.1518E-04  -2.0689E+01    
+3.1622E+03  +2.4433E-04  -2.5913E+01    
+3.9810E+03  +1.8380E-04  -3.3227E+01    
+5.0117E+03  +1.2521E-04  -4.0055E+01    
+6.3094E+03  +9.1612E-05  -3.7635E+01    
+7.9430E+03  +7.4052E-05  -4.3759E+01    
+9.9995E+03  +5.6014E-05  -5.3495E+01    
+1.0000E+04  +5.6017E-05  -5.3500E+01    
                                         
                                
 FREQUENCY    MAGNITUDE      PHASE       
    Hz                     deg           
Chopper Off
+1.0000E+00  +1.8275E-01  +1.1585E+02    
+1.2589E+00  +1.9633E-01  +1.0527E+02    
+1.5849E+00  +2.0291E-01  +9.4192E+01    
+1.9953E+00  +2.0191E-01  +8.3011E+01    
+2.5119E+00  +1.9369E-01  +7.2030E+01    
+3.1623E+00  +1.7909E-01  +6.1453E+01    
+3.9811E+00  +1.6003E-01  +5.1635E+01    
+5.0119E+00  +1.3803E-01  +4.2567E+01    
+6.3095E+00  +1.1676E-01  +3.4966E+01    
+7.9430E+00  +9.6512E-02  +2.8096E+01    
+1.0000E+01  +7.8914E-02  +2.2665E+01    
+1.2589E+01  +6.3826E-02  +1.8116E+01    
+1.5849E+01  +5.1259E-02  +1.4362E+01    
+1.9952E+01  +4.1042E-02  +1.1451E+01    
+2.5119E+01  +3.2750E-02  +9.0423E+00    
+3.1623E+01  +2.6086E-02  +7.0892E+00    
+3.9810E+01  +2.0768E-02  +5.5329E+00    
+5.0118E+01  +1.7114E-02  +4.8119E+00    
+6.3095E+01  +1.3120E-02  +3.1764E+00    
+7.9430E+01  +1.0423E-02  +2.2870E+00    
+1.0000E+02  +8.3421E-03  +1.4970E+00    
+1.2589E+02  +6.5878E-03  +8.1381E-01    
+1.5849E+02  +5.2410E-03  -7.2937E-02    
+1.9952E+02  +4.1635E-03  -4.4975E-01    
+2.5119E+02  +3.3150E-03  -1.2039E+00    
+3.1622E+02  +2.6184E-03  -2.2278E+00    
+3.9810E+02  +2.0720E-03  -2.7714E+00    
+5.0118E+02  +1.6466E-03  -3.6213E+00    
+6.3095E+02  +1.3075E-03  -4.7137E+00    
+7.9430E+02  +1.0370E-03  -6.0767E+00    
+1.0000E+03  +8.2266E-04  -7.7533E+00    
+1.2589E+03  +6.5183E-04  -9.8544E+00    
+1.5849E+03  +5.1604E-04  -1.2489E+01    
+1.9952E+03  +4.1010E-04  -1.6057E+01    
+2.5118E+03  +3.1575E-04  -2.0744E+01    
+3.1622E+03  +2.4471E-04  -2.6014E+01    
+3.9810E+03  +1.8393E-04  -3.3386E+01    
+5.0118E+03  +1.2494E-04  -4.0222E+01    
+6.3094E+03  +9.1400E-05  -3.7658E+01    
+7.9430E+03  +7.3952E-05  -4.3769E+01    
+1.0000E+04  +5.5933E-05  -5.3514E+01    

