Calibration measurement with Solartron
Metronix GmbH, Kocherstr. 3, 38120 Braunschweig

  Magnetometer: 119    Date: 03/02/11    Time: 13:33:37


 FREQUENCY    MAGNITUDE      PHASE    
    Hz                     deg    
Chopper On
+1.0000E-01  +1.9948E-01  +8.8538E+01   
+1.2328E-01  +1.9948E-01  +8.8208E+01    
+1.5199E-01  +1.9953E-01  +8.7829E+01    
+1.8738E-01  +1.9925E-01  +8.7340E+01    
+2.3101E-01  +1.9932E-01  +8.6715E+01    
+2.8480E-01  +1.9906E-01  +8.5969E+01    
+3.5112E-01  +1.9901E-01  +8.5022E+01    
+4.3288E-01  +1.9830E-01  +8.3923E+01    
+5.3367E-01  +1.9794E-01  +8.2522E+01    
+6.5790E-01  +1.9688E-01  +8.0802E+01    
+8.1110E-01  +1.9574E-01  +7.8714E+01    
+1.0000E+00  +1.9358E-01  +7.6251E+01    
+1.2329E+00  +1.9066E-01  +7.3292E+01    
+1.5199E+00  +1.8702E-01  +6.9660E+01    
+1.8738E+00  +1.8130E-01  +6.5459E+01    
+2.3101E+00  +1.7367E-01  +6.0580E+01    
+2.8481E+00  +1.6391E-01  +5.5294E+01    
+3.5112E+00  +1.5143E-01  +4.9444E+01    
+4.3288E+00  +1.3717E-01  +4.3530E+01    
+5.3368E+00  +1.2151E-01  +3.7593E+01    
+6.5790E+00  +1.0549E-01  +3.1973E+01    
+8.1110E+00  +9.0035E-02  +2.6852E+01    
+1.0000E+01  +7.5755E-02  +2.2324E+01    
+1.2329E+01  +6.2997E-02  +1.8385E+01    
+1.5199E+01  +5.1931E-02  +1.5032E+01    
+1.8738E+01  +4.2771E-02  +1.2391E+01    
+2.3102E+01  +3.4903E-02  +9.8155E+00    
+2.8481E+01  +2.8451E-02  +8.0134E+00    
+3.5112E+01  +2.3221E-02  +6.3028E+00    
+4.3288E+01  +1.8991E-02  +5.3389E+00    
+5.3368E+01  +1.5285E-02  +3.9496E+00    
+6.5790E+01  +1.2431E-02  +2.9844E+00    
+8.1110E+01  +1.0060E-02  +2.3241E+00    
+1.0000E+02  +8.1745E-03  +1.6566E+00    
+1.2329E+02  +6.6322E-03  +1.0490E+00    
+1.5199E+02  +5.3577E-03  +7.3029E-01    
+1.8739E+02  +4.3629E-03  -8.4140E-02    
+2.3102E+02  +3.5441E-03  -5.5765E-01    
+2.8481E+02  +2.8777E-03  -1.1861E+00    
+3.5113E+02  +2.3290E-03  -1.6222E+00    
+4.3289E+02  +1.8930E-03  -2.4060E+00    
+5.3368E+02  +1.5366E-03  -3.2277E+00    
+6.5790E+02  +1.2483E-03  -4.2323E+00    
+8.1120E+02  +1.0135E-03  -5.4412E+00    
+1.0000E+03  +8.2333E-04  -6.9402E+00    
+1.2329E+03  +6.6811E-04  -8.8280E+00    
+1.5200E+03  +5.4217E-04  -1.1162E+01    
+1.8739E+03  +4.3936E-04  -1.4088E+01    
+2.3102E+03  +3.5645E-04  -1.8021E+01    
+2.8481E+03  +2.8316E-04  -2.2803E+01    
+3.5113E+03  +2.2395E-04  -2.8591E+01    
+4.3289E+03  +1.7235E-04  -3.5983E+01    
+5.3369E+03  +1.2435E-04  -4.3810E+01    
+6.5795E+03  +8.6859E-05  -4.5419E+01    
+8.1115E+03  +6.9145E-05  -4.7726E+01    
+1.0000E+04  +5.4302E-05  -5.5596E+01    
                                        
 FREQUENCY    MAGNITUDE      PHASE       
    Hz                     deg          
Chopper Off                             
+1.0000E+00  +1.8617E-01  +1.1290E+02   
+1.2328E+00  +1.9742E-01  +1.0370E+02    
+1.5199E+00  +2.0319E-01  +9.4007E+01    
+1.8738E+00  +2.0282E-01  +8.4146E+01    
+2.3101E+00  +1.9721E-01  +7.4466E+01    
+2.8480E+00  +1.8553E-01  +6.4924E+01    
+3.5112E+00  +1.6919E-01  +5.5683E+01    
+4.3288E+00  +1.5077E-01  +4.7325E+01    
+5.3367E+00  +1.3111E-01  +3.9724E+01    
+6.5790E+00  +1.1177E-01  +3.2960E+01    
+8.1110E+00  +9.3869E-02  +2.7143E+01    
+1.0000E+01  +7.8010E-02  +2.2231E+01    
+1.2329E+01  +6.4445E-02  +1.8136E+01    
+1.5199E+01  +5.2842E-02  +1.4806E+01    
+1.8738E+01  +4.3005E-02  +1.1929E+01    
+2.3101E+01  +3.5135E-02  +9.7293E+00    
+2.8481E+01  +2.8620E-02  +7.8291E+00    
+3.5112E+01  +2.3227E-02  +6.1379E+00    
+4.3288E+01  +1.8942E-02  +4.3838E+00    
+5.3368E+01  +1.5328E-02  +3.8254E+00    
+6.5790E+01  +1.2402E-02  +2.9580E+00    
+8.1110E+01  +1.0078E-02  +2.2213E+00    
+1.0000E+02  +8.1896E-03  +1.5333E+00    
+1.2329E+02  +6.6456E-03  +1.0230E+00    
+1.5199E+02  +5.3493E-03  +6.3335E-01    
+1.8738E+02  +4.3654E-03  +4.6280E-02    
+2.3102E+02  +3.5502E-03  -5.8344E-01    
+2.8481E+02  +2.8846E-03  -1.0901E+00    
+3.5112E+02  +2.3254E-03  -1.5759E+00    
+4.3288E+02  +1.8943E-03  -2.4176E+00    
+5.3368E+02  +1.5375E-03  -3.1885E+00    
+6.5790E+02  +1.2477E-03  -4.1636E+00    
+8.1110E+02  +1.0146E-03  -5.4009E+00    
+1.0000E+03  +8.2445E-04  -6.8697E+00    
+1.2329E+03  +6.6977E-04  -8.7561E+00    
+1.5199E+03  +5.4339E-04  -1.1133E+01    
+1.8739E+03  +4.4009E-04  -1.4038E+01    
+2.3102E+03  +3.5716E-04  -1.8041E+01    
+2.8481E+03  +2.8377E-04  -2.2841E+01    
+3.5113E+03  +2.2440E-04  -2.8631E+01    
+4.3289E+03  +1.7291E-04  -3.6023E+01    
+5.3368E+03  +1.2463E-04  -4.3946E+01    
+6.5795E+03  +8.6901E-05  -4.5601E+01    
+8.1115E+03  +6.9147E-05  -4.7835E+01    
+1.0000E+04  +5.4339E-05  -5.5702E+01    
