ITERATION#   4 OVERALL RMS =       0.9895
 TM Apparent Resistivity : RMS =       0.9824
 TM Apparent Resistivity : RMS BY SITES 
      1.3806      1.3856      1.0908      1.0876      1.0098      0.9226      0.9087
      0.7788      0.8198      0.8553      0.9017      0.8937      0.8519      0.9116
      0.8730      0.9126      0.8011      0.8382      0.8384      0.9057      0.8830
      0.9817      0.8063      0.7468      0.8631      0.9003      0.8892      0.9375
      0.8215      0.9742      0.9968      1.0765      1.0826      1.2618      1.2591
      1.3809
 TM Apparent Resistivity : RMS BY PERIODS
      1.4482      1.2289      0.7188      0.4496      0.9983      1.4436      1.5641
      1.2528      0.9934      0.5118      0.5269      0.9880      1.2405      1.3493
      1.2862      0.7364      0.7062      1.2754      1.5317      1.2674      0.7710
      0.3665      0.5287      0.6868      0.6866      0.7905      0.4501      0.3494
      0.4797      0.7737      0.7943
 TM Phase                : RMS =       0.9965
 TM Phase                : RMS BY SITES 
      1.3635      1.3497      1.2391      1.0302      1.1465      0.9970      0.8940
      0.9095      1.0313      0.8953      0.8650      0.8561      0.7074      0.8828
      0.8510      1.0122      0.8367      0.8823      0.8342      0.9609      0.8245
      1.0289      0.8418      0.8352      0.9285      0.7907      0.8285      0.8631
      0.9326      0.8449      1.0912      1.1093      1.1969      1.0766      1.2307
      1.3736
 TM Phase                : RMS BY PERIODS
      0.7458      0.5990      1.0067      1.2579      0.9031      0.6012      0.5217
      0.6911      1.2577      1.3406      1.3362      1.0837      0.7602      0.5828
      1.1067      1.4793      1.4520      1.2076      0.5811      0.6648      1.1925
      1.1769      0.9214      0.7150      0.6187      0.7254      0.9581      1.0070
      1.1908      0.9450      1.0043
