TITLE  MODEL_ID# 4_RMS=       0.9895
MODE_TYPE               tm
NUMBER_OF_RESPONSE       2
NUMBER_OF_PERIOD        31
      1.0000      1.2589      1.5849      1.9953      2.5119      3.1623      3.9811
      5.0119      6.3096      7.9433     10.0000     12.5893     15.8489     19.9526
     25.1189     31.6228     39.8107     50.1187     63.0957     79.4328    100.0000
    125.8925    158.4893    199.5262    251.1886    316.2278    398.1072    501.1872
    630.9573    794.3282   1000.0000
NUMBER_OF_STATION       36
   295000.00   298000.00   301000.00   304000.00   307000.00   310000.00   313000.00
   316000.00   319000.00   322000.00   325000.00   328000.00   331000.00   334000.00
   337000.00   340000.00   343000.00   346000.00   349000.00   352000.00   355000.00
   358000.00   361000.00   364000.00   367000.00   370000.00   373000.00   376000.00
   379000.00   382000.00   385000.00   388000.00   391000.00   394000.00   397000.00
   400000.00
DATA_RESPONSE_NO_1      app   
      1.0000     93.9130     93.4788     93.9312     95.1455     95.1949     95.6904     95.8610
                 96.6867     96.3934     95.9736     95.8949     95.5717     95.0779     95.0229
                 95.3087     95.0806     95.6294     95.3384     95.3537     95.7665     96.0078
                 95.9627     95.1175     95.0178     95.2537     94.8146     94.5811     94.2988
                 93.7680     93.7817     93.9559     93.4961     93.8688     92.4130     92.1610
                 93.1736
      1.2589     91.8959     91.1470     91.4607     92.7282     92.9979     93.6923     94.0185
                 94.8844     94.7033     94.3008     94.2020     93.8602     93.3658     93.3025
                 93.5485     93.4277     93.9906     93.8189     93.9105     94.3193     94.5378
                 94.4689     93.6374     93.4857     93.5497     93.0778     92.7165     92.3692
                 91.7854     91.6949     91.7066     91.1563     91.4095     89.9638     89.9828
                 91.2691
      1.5849     90.6507     89.6382     89.7601     90.9630     91.3018     92.0607     92.4432
                 93.3022     93.2260     92.8763     92.8188     92.5247     92.0828     92.0431
                 92.2585     92.2205     92.7655     92.6696     92.8066     93.2010     93.4037
                 93.3317     92.5404     92.3738     92.3125     91.8387     91.3773     90.9805
                 90.3532     90.1770     90.0632     89.4748     89.6863     88.3108     88.6189
                 90.1208
      1.9953     90.4555     89.2321     89.1211     90.1586     90.4237     91.1124     91.4406
                 92.2312     92.2362     91.9618     91.9971     91.8101     91.4698     91.4841
                 91.6772     91.6965     92.1912     92.1241     92.2711     92.6352     92.8242
                 92.7690     92.0473     91.9109     91.7816     91.3521     90.8369     90.4287
                 89.7914     89.5709     89.3849     88.8145     89.0534     87.7809     88.3763
                 90.0245
      2.5119     91.5627     90.1881     89.8157     90.6038     90.6678     91.1660     91.3363
                 91.9976     92.0515     91.8602     92.0267     91.9926     91.7916     91.8833
                 92.0595     92.1095     92.5232     92.4382     92.5591     92.8767     93.0531
                 93.0342     92.4112     92.3540     92.2215     91.8917     91.3808     91.0144
                 90.4129     90.1992     89.9966     89.4925     89.8173     88.6644     89.5382
                 91.2618
      3.1623     94.1904     92.7101     92.0692     92.5598     92.3223     92.5250     92.4410
                 92.9115     92.9775     92.8642     93.1850     93.3357     93.3008     93.4881
                 93.6492     93.7095     94.0141     93.8693     93.9308     94.1848     94.3479
                 94.3808     93.8813     93.9504     93.8751     93.7053     93.2584     92.9929
                 92.4799     92.3315     92.1719     91.7837     92.2448     91.2027     92.3293
                 94.0586
      3.9811     98.4892     96.9363     96.0267     96.1982     95.5925     95.4260     95.0126
                 95.2414     95.2834     95.2336     95.7176     96.0691     96.2131     96.5053
                 96.6486     96.7014     96.8744     96.6353     96.6104     96.7870     96.9362
                 97.0342     96.6789     96.9174     96.9526     96.9997     96.6727     96.5655
                 96.1931     96.1660     96.1017     95.8668     96.4986     95.5406     96.8928
                 98.5706
      5.0119    104.5288    102.9435    101.7645    101.5995    100.5748     99.9916     99.1976
                 99.1540     99.1451     99.1463     99.8000    100.3611    100.6892    101.0888
                101.2096    101.2352    101.2587    100.8954    100.7626    100.8528    100.9883
                101.1630    100.9672    101.4106    101.6021    101.9106    101.7484    101.8460
                101.6521    101.7866    101.8521    101.7896    102.6176    101.7220    103.2899
                104.8738
      6.3096    112.3003    110.7127    109.2702    108.7665    107.2894    106.2569    105.0451
                104.7090    104.6316    104.6754    105.5069    106.2869    106.8040    107.3144
                107.4084    107.3921    107.2505    106.7371    106.4768    106.4706    106.5899
                106.8473    106.8184    107.4925    107.8722    108.4757    108.5098    108.8466
                108.8585    109.1849    109.4054    109.5278    110.5701    109.7081    111.4801
                112.9354
      7.9433    121.7006    120.1346    118.4360    117.5996    115.6510    114.1529    112.5017
                111.8650    111.7122    111.7963    112.8165    113.8256    114.5372    115.1627
                115.2263    115.1567    114.8372    114.1515    113.7461    113.6333    113.7307
                114.0710    114.2086    115.1291    115.7162    116.6365    116.8850    117.4828
                117.7157    118.2522    118.6406    118.9506    120.2160    119.3562    121.3225
                122.6216
     10.0000    132.5130    130.9895    129.0520    127.8948    125.4590    123.4808    121.3769
                120.4412    120.2180    120.3478    121.5728    122.8251    123.7384    124.4837
                124.5124    124.3801    123.8683    122.9898    122.4223    122.1914    122.2609
                122.6815    122.9811    124.1566    124.9590    126.2079    126.6744    127.5398
                127.9939    128.7436    129.3018    129.7988    131.2951    130.4117    132.5632
                133.6828
     12.5893    144.4023    142.9338    140.7632    139.3014    136.3810    133.9227    131.3559
                130.1178    129.8208    129.9979    131.4380    132.9442    134.0679    134.9405
                134.9361    134.7361    134.0252    132.9366    132.1913    131.8280    131.8549
                132.3435    132.7914    134.2177    135.2327    136.8095    137.4946    138.6318
                139.3119    140.2842    141.0181    141.6994    143.4235    142.4848    144.8078
                145.7313
     15.8489    156.8481    155.4528    153.0639    151.3089    147.9004    144.9607    141.9337
                140.4072    140.0510    140.2904    141.9616    143.7333    145.0727    146.0740
                146.0324    145.7547    144.8339    143.5190    142.5827    142.0768    142.0522
                142.6003    143.1852    144.8559    146.0762    147.9702    148.8606    150.2531
                151.1407    152.3199    153.2184    154.0766    156.0297    155.0262    157.5131
                158.2292
     19.9526    169.2824    167.9901    165.4095    163.3708    159.4937    156.1056    152.6526
                150.8625    150.4568    150.7562    152.6584    154.6935    156.2461    157.3765
                157.3013    156.9464    155.8145    154.2720    153.1337    152.4727    152.3794
                152.9639    153.6578    155.5458    156.9519    159.1449    160.2252    161.8677
                162.9519    164.3246    165.3680    166.3733    168.5264    167.4465    170.0854
                170.5826
     25.1189    181.2430    180.0549    177.2994    175.0205    170.7230    166.9209    163.0639
                161.0263    160.5810    160.9532    163.0906    165.3919    167.1616    168.4249
                168.3212    167.8910    166.5537    164.7790    163.4350    162.6086    162.4294
                163.0291    163.8085    165.8877    167.4524    169.9112    171.1595    173.0230
                174.2850    175.8358    177.0113    178.1485    180.4751    179.2880    182.0360
                182.2998
     31.6228    192.3470    191.2671    188.3670    185.8844    181.2033    177.0178    172.7908
                170.5351    170.0698    170.5252    172.8914    175.4475    177.4219    178.8078
                178.6710    178.1642    176.6254    174.6222    173.0769    172.0854    171.8169
                172.4223    173.2739    175.5251    177.2288    179.9287    181.3242    183.3786
                184.7920    186.4934    187.7792    189.0331    191.5160    190.2174    193.0471
                193.0721
     39.8107    202.2183    201.2527    198.2219    195.5413    190.5081    185.9776    181.4188
                178.9634    178.4730    178.9952    181.5623    184.3432    186.4985    187.9915
                187.8229    187.2428    185.5176    183.3053    181.5711    180.4238    180.0665
                180.6684    181.5775    183.9761    185.8032    188.7193    190.2504    192.4852
                194.0419    195.8838    197.2700    198.6243    201.2403    199.8437    202.7444
                202.5432
     50.1187    210.2088    209.3444    206.2016    203.3432    198.0004    193.1639    188.3140
                185.6803    185.1622    185.7355    188.4643    191.4272    193.7273    195.3014
                195.0964    194.4451    192.5531    190.1577    188.2585    186.9751    186.5407
                187.1392    188.1000    190.6250    192.5604    195.6636    197.3158    199.7078
                201.3921    203.3585    204.8376    206.2881    209.0247    207.5584    210.5175
                210.1173
     63.0957    215.5945    214.8200    211.5939    208.5901    203.0022    197.9181    192.8355
                190.0541    189.5084    190.1186    192.9656    196.0638    198.4715    200.1015
                199.8616    199.1472    197.1172    194.5737    192.5400    191.1445    190.6452
                191.2377    192.2400    194.8600    196.8798    200.1270    201.8771    204.3926
                206.1818    208.2501    209.8101    211.3469    214.1807    212.6758    215.6710
                215.1046
     79.4328    218.0149    217.3201    214.0460    210.9419    205.1988    199.9517    194.7166
                191.8317    191.2646    191.8999    194.8206    198.0054    200.4834    202.1460
                201.8786    201.1154    198.9851    196.3365    194.2043    192.7227    192.1690
                192.7478    193.7748    196.4494    198.5214    201.8601    203.6798    206.2800
                208.1474    210.2895    211.9100    213.5107    216.4021    214.8813    217.8799
                217.1787
    100.0000    217.7273    217.1075    213.8238    210.6672    204.8578    199.5325    194.2256
                191.2837    190.7052    191.3577    194.3131    197.5412    200.0565    201.7319
                201.4452    200.6488    198.4549    195.7431    193.5472    192.0050    191.4073
                191.9654    193.0011    195.6928    197.7872    201.1694    203.0321    205.6812
                207.6006    209.7879    211.4461    213.0853    215.9937    214.4734    217.4423
                216.6315
    125.8925    215.2826    214.7364    211.4781    208.3062    202.4997    197.1653    191.8548
                188.8967    188.3158    188.9766    191.9332    195.1669    197.6896    199.3596
                199.0598    198.2432    196.0165    193.2786    191.0498    189.4713    188.8420
                189.3770    190.4106    193.0914    195.1869    198.5766    200.4619    203.1331
                205.0832    207.2915    208.9674    210.6231    213.5164    212.0129    214.9286
                214.0301
    158.4893    210.8877    210.4115    207.2077    204.0505    198.3080    193.0277    187.7767
                184.8391    184.2605    184.9161    187.8368    191.0347    193.5313    195.1747
                194.8654    194.0397    191.8103    189.0833    186.8530    185.2642    184.6176
                185.1296    186.1524    188.7977    190.8770    194.2431    196.1348    198.8066
                200.7702    202.9793    204.6564    206.3095    209.1611    207.6941    210.5409
                209.5804
    199.5262    204.1197    203.7003    200.5840    197.4922    191.8929    186.7337    181.6019
                178.7161    178.1398    178.7773    181.6188    184.7340    187.1679    188.7616
                188.4468    187.6239    185.4270    182.7484    180.5526    178.9807    178.3310
                178.8194    179.8228    182.4048    184.4452    187.7467    189.6249    192.2646
                194.2215    196.4116    198.0786    199.7183    202.5039    201.0911    203.8416
                202.8515
    251.1886    194.3490    193.9701    190.9854    188.0098    182.6379    177.6762    172.7407
                169.9513    169.3840    169.9883    172.6992    175.6750    177.9999    179.5136
                179.1955    178.3887    176.2627    173.6798    171.5610    170.0408    169.4099
                169.8775    170.8529    173.3382    175.3121    178.4985    180.3316    182.8924
                184.8061    186.9395    188.5715    190.1781    192.8653    191.5378    194.1637
                193.1849
    316.2278    181.4749    181.1372    178.3363    175.5145    170.4377    165.7370    161.0687
                158.4148    157.8591    158.4108    160.9405    163.7241    165.8990    167.3087
                166.9965    166.2246    164.2088    161.7714    159.7690    158.3314    157.7364
                158.1798    159.1121    161.4598    163.3354    166.3545    168.1080    170.5468
                172.3829    174.4239    175.9976    177.5516    180.1076    178.9031    181.3770
                180.4452
    398.1072    166.1752    165.8665    163.2767    160.6500    155.9439    151.5727    147.2341
                144.7490    144.2060    144.6930    147.0006    149.5483    151.5406    152.8277
                152.5305    151.8094    149.9419    147.6898    145.8388    144.5089    143.9596
                144.3721    145.2450    147.4186    149.1650    151.9672    153.6135    155.8914
                157.6231    159.5449    161.0412    162.5223    164.9129    163.8468    166.1385
                165.2843
    501.1872    149.6634    149.3785    147.0169    144.6107    140.3187    136.3171    132.3451
                130.0502    129.5237    129.9417    132.0082    134.2996    136.0950    137.2527
                136.9786    136.3203    134.6240    132.5805    130.9005    129.6915    129.1920
                129.5673    130.3684    132.3447    133.9412    136.4961    138.0160    140.1088
                141.7180    143.5024    144.9068    146.2991    148.5017    147.5768    149.6668
                148.9038
    630.9573    133.1374    132.8751    130.7439    128.5650    124.6984    121.0800    117.4871
                115.3927    114.8885    115.2408    117.0675    119.1029    120.7024    121.7335
                121.4878    120.8982    119.3808    117.5526    116.0488    114.9639    114.5139
                114.8488    115.5715    117.3426    118.7805    121.0781    122.4623    124.3608
                125.8383    127.4763    128.7790    130.0716    132.0758    131.2843    133.1670
                132.4964
    794.3282    117.3895    117.1480    115.2474    113.2795    109.8297    106.6199    103.4511
                101.6022    101.1474    101.4341    103.0184    104.7852    106.1677    107.0529
                106.8187    106.2889    104.9435    103.3378    102.0162    101.0676    100.6821
                100.9880    101.6374    103.2130    104.5032    106.5588    107.8065    109.5131
                110.8391    112.2973    113.4558    114.6091    116.4006    115.7461    117.4464
                116.8675
   1000.0000    102.9285    102.7073    101.0221     99.2725     96.2170     93.3670     90.5546
                 88.9040     88.4861     88.7261     90.1080     91.6546     92.8662     93.6411
                 93.4319     92.9633     91.7762     90.3614     89.1966     88.3592     88.0191
                 88.2895     88.8668     90.2582     91.4019     93.2218     94.3360     95.8550
                 97.0446     98.3520     99.3987    100.4428    102.0425    101.4905    102.9985
                102.4975
DATA_RESPONSE_NO_2      phsdeg
      1.0000     46.1105     46.5803     46.6921     46.5424     46.2493     46.0310     45.8923
                 45.9213     45.7965     45.8128     45.8459     45.8680     45.8615     45.8626
                 45.9450     45.7807     45.7954     45.6407     45.5641     45.6104     45.6635
                 45.6943     45.6432     45.6641     45.8900     45.8518     45.9861     45.9854
                 45.9698     46.0175     46.1747     46.2517     46.4219     46.5650     46.2651
                 45.9026
      1.2589     45.1415     45.5684     45.7534     45.7234     45.5571     45.4479     45.3915
                 45.4599     45.3405     45.3229     45.3021     45.2647     45.2094     45.1837
                 45.2580     45.1160     45.1596     45.0431     44.9920     45.0474     45.0956
                 45.1075     45.0299     45.0179     45.2005     45.1324     45.2383     45.2231
                 45.1983     45.2370     45.3729     45.4117     45.5191     45.5852     45.2405
                 44.9299
      1.5849     43.8833     44.2496     44.4951     44.5864     44.5605     44.5794     44.6233
                 44.7458     44.6416     44.5945     44.5197     44.4207     44.3141     44.2597
                 44.3269     44.2108     44.2891     44.2179     44.1998     44.2694     44.3144
                 44.3061     44.1971     44.1435     44.2715     44.1605     44.2235     44.1780
                 44.1276     44.1399     44.2376     44.2257     44.2663     44.2642     43.8988
                 43.6641
      1.9953     42.3837     42.6752     42.9630     43.1645     43.2761     43.4255     43.5755
                 43.7597     43.6799     43.6116     43.4897     43.3349     43.1816     43.1012
                 43.1625     43.0749     43.1892     43.1666     43.1851     43.2719     43.3157
                 43.2876     43.1459     43.0463     43.1116     42.9495     42.9574     42.8684
                 42.7788     42.7510     42.7991     42.7325     42.7102     42.6541     42.2921
                 42.1502
      2.5119     40.7248     40.9333     41.2402     41.5292     41.7616     42.0305     42.2797
                 42.5246     42.4746     42.3945     42.2363     42.0368     41.8464     41.7456
                 41.8032     41.7444     41.8927     41.9172     41.9724     42.0770     42.1208
                 42.0751     41.9036     41.7592     41.7604     41.5450     41.4933     41.3547
                 41.2198     41.1458     41.1405     41.0220     40.9457     40.8520     40.5153
                 40.4732
      3.1623     39.0185     39.1451     39.4504     39.7959     40.1177     40.4791     40.8088
                 41.1050     41.0865     41.0038     40.8238     40.5954     40.3814     40.2685
                 40.3245     40.2927     40.4690     40.5349     40.6226     40.7428     40.7878
                 40.7285     40.5333     40.3504     40.2931     40.0305     39.9218     39.7357
                 39.5566     39.4377     39.3826     39.2223     39.1078     38.9957     38.7007
                 38.7529
      3.9811     37.3938     37.4457     37.7330     38.1042     38.4790     38.8977     39.2801
                 39.6103     39.6199     39.5408     39.3522     39.1111     38.8876     38.7713
                 38.8273     38.8197     39.0153     39.1141     39.2271     39.3591     39.4059
                 39.3381     39.1284     38.9181     38.8138     38.5171     38.3618     38.1382
                 37.9244     37.7697     37.6761     37.4898     37.3547     37.2400     36.9944
                 37.1255
      5.0119     35.9710     35.9580     36.2138     36.5852     36.9825     37.4275     37.8352
                 38.1796     38.2095     38.1358     37.9471     37.7047     37.4820     37.3680
                 37.4240     37.4364     37.6430     37.7659     37.8974     38.0370     38.0861
                 38.0159     37.8026     37.5786     37.4421     37.1282     36.9423     36.6965
                 36.4631     36.2868     36.1684     35.9711     35.8285     35.7208     35.5264
                 35.7182
      6.3096     34.8513     34.7869     35.0046     35.3565     35.7499     36.1931     36.6008
                 36.9408     36.9822     36.9138     36.7308     36.4956     36.2815     36.1737
                 36.2290     36.2564     36.4657     36.6038     36.7469     36.8904     36.9426
                 36.8757     36.6696     36.4455     36.2926     35.9785     35.7785     35.5266
                 35.2886     35.1048     34.9755     34.7806     34.6421     34.5481     34.4022
                 34.6350
      7.9433     34.1049     34.0031     34.1813     34.5015     34.8728     35.2939     35.6823
                 36.0033     36.0481     35.9839     35.8102     35.5879     35.3875     35.2882
                 35.3417     35.3794     35.5847     35.7302     35.8787     36.0229     36.0785
                 36.0198     35.8293     35.6162     35.4606     35.1604     34.9606     34.7162
                 34.4865     34.3072     34.1782     33.9956     33.8686     33.7913     33.6880
                 33.9439
     10.0000     33.7706     33.6447     33.7852     34.0669     34.4058     34.7944     35.1541
                 35.4490     35.4925     35.4313     35.2683     35.0611     34.8759     34.7852
                 34.8355     34.8794     35.0759     35.2235     35.3731     35.5158     35.5755
                 35.5283     35.3589     35.1645     35.0164     34.7398     34.5506     34.3234
                 34.1100     33.9420     33.8194     33.6529     33.5403     33.4809     33.4140
                 33.6790
     12.5893     33.8598     33.7204     33.8301     34.0747     34.3763     34.7242     35.0472
                 35.3104     35.3495     35.2916     35.1415     34.9522     34.7845     34.7035
                 34.7502     34.7974     34.9815     35.1264     35.2731     35.4121     35.4756
                 35.4412     35.2958     35.1245     34.9897     34.7419     34.5687     34.3628
                 34.1698     34.0176     33.9063     33.7602     33.6644     33.6207     33.5812
                 33.8434
     15.8489     34.3479     34.2042     34.2886     34.4966     34.7592     35.0659     35.3528
                 35.5856     35.6198     35.5642     35.4262     35.2537     35.1017     35.0288
                 35.0710     35.1191     35.2892     35.4293     35.5711     35.7058     35.7729
                 35.7518     35.6307     35.4840     35.3662     35.1497     34.9958     34.8140
                 34.6428     34.5072     34.4078     34.2809     34.2015     34.1734     34.1568
                 34.4097
     19.9526     35.1868     35.0407     35.1012     35.2785     35.5090     35.7786     36.0291
                 36.2297     36.2557     36.2016     36.0745     35.9181     35.7818     35.7171
                 35.7557     35.8037     35.9606     36.0938     36.2295     36.3582     36.4267
                 36.4166     36.3176     36.1937     36.0923     35.9045     35.7705     35.6124
                 35.4645     35.3480     35.2632     35.1555     35.0898     35.0712     35.0701
                 35.3107
     25.1189     36.3051     36.1650     36.2100     36.3597     36.5575     36.7905     37.0076
                 37.1808     37.2019     37.1519     37.0379     36.8988     36.7783     36.7217
                 36.7567     36.8029     36.9453     37.0697     37.1970     37.3185     37.3873
                 37.3866     37.3071     37.2038     37.1176     36.9557     36.8387     36.7006
                 36.5712     36.4696     36.3963     36.3053     36.2527     36.2439     36.2546
                 36.4791
     31.6228     37.6616     37.5284     37.5620     37.6915     37.8658     38.0714     38.2629
                 38.4145     38.4327     38.3872     38.2850     38.1613     38.0551     38.0061
                 38.0383     38.0833     38.2132     38.3292     38.4480     38.5610     38.6273
                 38.6317     38.5663     38.4785     38.4038     38.2632     38.1608     38.0401
                 37.9271     37.8378     37.7729     37.6935     37.6482     37.6427     37.6585
                 37.8642
     39.8107     39.2418     39.1215     39.1495     39.2633     39.4176     39.5998     39.7697
                 39.9042     39.9223     39.8836     39.7953     39.6884     39.5971     39.5564
                 39.5870     39.6304     39.7479     39.8544     39.9633     40.0665     40.1284
                 40.1354     40.0804     40.0045     39.9382     39.8145     39.7226     39.6148
                 39.5135     39.4327     39.3731     39.3016     39.2607     39.2559     39.2727
                 39.4570
     50.1187     41.0357     40.9292     40.9543     41.0559     41.1943     41.3576     41.5104
                 41.6313     41.6501     41.6180     41.5421     41.4498     41.3715     41.3377
                 41.3668     41.4083     41.5146     41.6122     41.7114     41.8050     41.8616
                 41.8693     41.8220     41.7551     41.6953     41.5854     41.5023     41.4052
                 41.3134     41.2390     41.1826     41.1162     41.0770     41.0707     41.0857
                 41.2482
     63.0957     42.9921     42.8990     42.9228     43.0140     43.1377     43.2837     43.4211
                 43.5302     43.5498     43.5234     43.4580     43.3781     43.3104     43.2821
                 43.3091     43.3481     43.4436     43.5326     43.6226     43.7071     43.7588
                 43.7668     43.7258     43.6667     43.6125     43.5146     43.4389     43.3507
                 43.2665     43.1970     43.1429     43.0808     43.0432     43.0354     43.0479
                 43.1899
     79.4328     45.0228     44.9421     44.9650     45.0468     45.1566     45.2863     45.4093
                 45.5077     45.5278     45.5062     45.4499     45.3806     45.3219     45.2979
                 45.3223     45.3585     45.4439     45.5244     45.6057     45.6817     45.7288
                 45.7369     45.7012     45.6488     45.5994     45.5116     45.4419     45.3609
                 45.2829     45.2172     45.1651     45.1071     45.0713     45.0624     45.0723
                 45.1958
    100.0000     47.0591     46.9891     47.0112     47.0848     47.1827     47.2983     47.4089
                 47.4981     47.5186     47.5016     47.4534     47.3935     47.3426     47.3223
                 47.3446     47.3778     47.4541     47.5266     47.5997     47.6678     47.7102
                 47.7177     47.6859     47.6386     47.5928     47.5131     47.4481     47.3725
                 47.2992     47.2364     47.1856     47.1307     47.0960     47.0857     47.0928
                 47.1998
    125.8925     49.1071     49.0474     49.0692     49.1364     49.2245     49.3285     49.4289
                 49.5108     49.5325     49.5203     49.4802     49.4294     49.3863     49.3698
                 49.3905     49.4213     49.4893     49.5544     49.6196     49.6799     49.7172
                 49.7231     49.6939     49.6501     49.6065     49.5329     49.4710     49.3993
                 49.3292     49.2681     49.2178     49.1646     49.1300     49.1173     49.1207
                 49.2121
    158.4893     51.2402     51.1908     51.2132     51.2760     51.3572     51.4523     51.5444
                 51.6206     51.6442     51.6378     51.6062     51.5648     51.5297     51.5176
                 51.5375     51.5663     51.6272     51.6851     51.7427     51.7952     51.8270
                 51.8305     51.8024     51.7608     51.7182     51.6488     51.5889     51.5198
                 51.4520     51.3918     51.3412     51.2885     51.2525     51.2359     51.2342
                 51.3100
    199.5262     53.5225     53.4827     53.5054     53.5653     53.6434     53.7343     53.8224
                 53.8960     53.9228     53.9223     53.8986     53.8654     53.8372     53.8287
                 53.8480     53.8749     53.9300     53.9819     54.0331     54.0788     54.1052
                 54.1058     54.0780     54.0374     53.9950     53.9283     53.8699     53.8025
                 53.7360     53.6759     53.6235     53.5692     53.5297     53.5077     53.5001
                 53.5609
    251.1886     55.9324     55.9031     55.9289     55.9857     56.0607     56.1500     56.2387
                 56.3139     56.3460     56.3508     56.3340     56.3073     56.2840     56.2775
                 56.2955     56.3206     56.3698     56.4174     56.4632     56.5037     56.5263
                 56.5250     56.4973     56.4573     56.4151     56.3513     56.2931     56.2274
                 56.1606     56.0982     56.0416     55.9833     55.9393     55.9132     55.9008
                 55.9470
    316.2278     58.3536     58.3341     58.3634     58.4208     58.4953     58.5835     58.6714
                 58.7471     58.7836     58.7943     58.7843     58.7643     58.7462     58.7422
                 58.7595     58.7827     58.8270     58.8697     58.9102     58.9454     58.9641
                 58.9606     58.9330     58.8938     58.8517     58.7900     58.7324     58.6674
                 58.6006     58.5369     58.4777     58.4170     58.3691     58.3377     58.3189
                 58.3515
    398.1072     60.6275     60.6166     60.6494     60.7076     60.7815     60.8681     60.9550
                 61.0309     61.0715     61.0875     61.0837     61.0696     61.0560     61.0541
                 61.0703     61.0916     61.1311     61.1692     61.2050     61.2357     61.2513
                 61.2466     61.2199     61.1821     61.1406     61.0810     61.0239     60.9591
                 60.8920     60.8269     60.7655     60.7030     60.6523     60.6167     60.5924
                 60.6134
    501.1872     62.6268     62.6230     62.6593     62.7187     62.7907     62.8732     62.9563
                 63.0304     63.0737     63.0945     63.0965     63.0884     63.0795     63.0799
                 63.0954     63.1150     63.1499     63.1830     63.2142     63.2405     63.2535
                 63.2483     63.2231     63.1874     63.1470     63.0896     63.0331     62.9684
                 62.9012     62.8356     62.7735     62.7114     62.6600     62.6211     62.5921
                 62.6036
    630.9573     64.2896     64.2924     64.3334     64.3945     64.4613     64.5337     64.6072
                 64.6755     64.7200     64.7460     64.7550     64.7548     64.7528     64.7574
                 64.7732     64.7917     64.8218     64.8489     64.8747     64.8960     64.9063
                 64.9010     64.8779     64.8451     64.8060     64.7511     64.6951     64.6295
                 64.5624     64.4976     64.4375     64.3795     64.3307     64.2897     64.2558
                 64.2587
    794.3282     65.6027     65.6120     65.6521     65.7131     65.7848     65.8620     65.9354
                 65.9998     66.0390     66.0618     66.0696     66.0691     66.0678     66.0733
                 66.0901     66.1087     66.1393     66.1663     66.1908     66.2099     66.2164
                 66.2075     66.1817     66.1464     66.1066     66.0520     65.9994     65.9403
                 65.8803     65.8223     65.7661     65.7073     65.6544     65.6090     65.5721
                 65.5699
   1000.0000     66.5841     66.5974     66.6399     66.7005     66.7695     66.8430     66.9135
                 66.9760     67.0159     67.0402     67.0506     67.0527     67.0536     67.0601
                 67.0764     67.0941     67.1221     67.1467     67.1688     67.1860     67.1918
                 67.1831     67.1586     67.1250     67.0865     67.0340     66.9822     66.9239
                 66.8645     66.8067     66.7508     66.6930     66.6405     66.5946     66.5558
                 66.5487
