ITERATION#   0 OVERALL RMS =      19.8986
 TM Apparent Resistivity : RMS =      21.6917
 TM Apparent Resistivity : RMS BY SITES 
     24.6036     24.4061     23.7576     23.0423     22.0549     21.1392     20.1560
     19.5313     19.4306     19.4442     19.9892     20.5394     21.0420     21.1947
     21.3153     21.0899     20.6976     20.2049     19.8688     19.5854     19.5128
     19.5720     19.9180     20.3392     20.8004     21.4549     21.7211     22.2293
     22.6176     22.9528     23.3758     23.6984     23.9175     24.1358     24.4110
     24.6671
 TM Apparent Resistivity : RMS BY PERIODS
      2.5511      3.7287      4.8955      5.8457      6.2217      5.5893      3.8514
      1.0082      2.7458      7.0751     11.6100     16.2695     20.5152     24.3186
     27.5448     29.8198     31.3715     32.5898     33.4314     34.1553     34.4942
     34.4772     33.8199     32.2014     29.6359     26.1940     21.2173     15.9052
     10.1960      4.5729      4.7528
 TM Phase                : RMS =      17.9270
 TM Phase                : RMS BY SITES 
     18.0521     18.7426     18.7648     17.8382     17.9036     17.9230     17.8765
     17.4688     17.8434     17.8906     17.8874     17.9745     17.9094     17.9556
     17.9302     17.9914     17.6995     17.9042     16.6183     17.7232     17.3505
     17.2850     17.8414     17.6751     17.9550     17.5496     17.8998     18.2556
     18.1012     17.1187     18.3912     17.5110     17.9443     18.5400     19.0515
     18.7822
 TM Phase                : RMS BY PERIODS
      0.8128      0.5227      0.9833      2.9802      5.7652      8.9455     12.1607
     14.9321     17.5251     18.9873     19.6777     19.2999     18.1742     16.1884
     13.5459     10.8106      8.0932      5.2231      2.5909      0.6857      3.2685
      6.7520     10.7984     15.2082     19.4248     23.4288     27.9606     31.8189
     33.9104     36.8431     37.6268
