DISTORTION_INDEX
 000000000000000000000000000000000000
DISTORTION_PARAMETER
      0.0000      0.0000      0.0000      0.0000      0.0000      0.0000      0.0000
      0.0000      0.0000      0.0000      0.0000      0.0000      0.0000      0.0000
      0.0000      0.0000      0.0000      0.0000      0.0000      0.0000      0.0000
      0.0000      0.0000      0.0000      0.0000      0.0000      0.0000      0.0000
      0.0000      0.0000      0.0000      0.0000      0.0000      0.0000      0.0000
      0.0000
DISTORTION_INCLUSION  index
 111111111111111111111111111111111111
 111111111111111111111111111111111111
 111111111111111111111111111111111111
 111111111111111111111111111111111111
 111111111111111111111111111111111111
 111111111111111111111111111111111111
 111111111111111111111111111111111111
 111111111111111111111111111111111111
 111111111111111111111111111111111111
 111111111111111111111111111111111111
 111111111111111111111111111111111111
 111111111111111111111111111111111111
 111111111111111111111111111111111111
 111111111111111111111111111111111111
 111111111111111111111111111111111111
 111111111111111111111111111111111111
 111111111111111111111111111111111111
 111111111111111111111111111111111111
 111111111111111111111111111111111111
 111111111111111111111111111111111111
 111111111111111111111111111111111111
 111111111111111111111111111111111111
 111111111111111111111111111111111111
 111111111111111111111111111111111111
 111111111111111111111111111111111111
 111111111111111111111111111111111111
 111111111111111111111111111111111111
 111111111111111111111111111111111111
 111111111111111111111111111111111111
 111111111111111111111111111111111111
 111111111111111111111111111111111111
