TITLE MODEL_ID# 2_RMS=       1.2673 MODEL_NORM=      11.3862
NY  100
  80000.0000  70000.0000  50000.0000  30000.0000  20000.0000  10000.0000   8000.0000
   7000.0000   5000.0000   5000.0000   3000.0000   2000.0000   2000.0000   1500.0000
   1500.0000   1500.0000   1500.0000   1500.0000   1500.0000   1500.0000   1500.0000
   1500.0000   1500.0000   1500.0000   1500.0000   1500.0000   1500.0000   1500.0000
   1500.0000   1500.0000   1500.0000   1500.0000   1500.0000   1500.0000   1500.0000
   1500.0000   1500.0000   1500.0000   1500.0000   1500.0000   1500.0000   1500.0000
   1500.0000   1500.0000   1500.0000   1500.0000   1500.0000   1500.0000   1500.0000
   1500.0000   1500.0000   1500.0000   1500.0000   1500.0000   1500.0000   1500.0000
   1500.0000   1500.0000   1500.0000   1500.0000   1500.0000   1500.0000   1500.0000
   1500.0000   1500.0000   1500.0000   1500.0000   1500.0000   1500.0000   1500.0000
   1500.0000   1500.0000   1500.0000   1500.0000   1500.0000   1500.0000   1500.0000
   1500.0000   1500.0000   1500.0000   1500.0000   1500.0000   1500.0000   1500.0000
   1500.0000   1500.0000   1500.0000   2000.0000   2000.0000   3000.0000   5000.0000
   5000.0000   7000.0000   8000.0000  10000.0000  20000.0000  30000.0000  50000.0000
  70000.0000  80000.0000
NZB  31
     10.0000     30.0000     60.0000    100.0000    200.0000    300.0000    500.0000
    800.0000   1000.0000   2000.0000   2000.0000   3000.0000   3000.0000   3000.0000
   4000.0000   4000.0000   5000.0000   5000.0000   8000.0000   8000.0000  10000.0000
  10000.0000  20000.0000  30000.0000  40000.0000  40000.0000  50000.0000  70000.0000
  70000.0000  80000.0000  80000.0000
NZA  10
     10.0000     30.0000    100.0000    300.0000   1000.0000   3000.0000  10000.0000
  30000.0000 100000.0000 300000.0000
RESISTIVITY_MODEL 
  0.1022E+03  0.1023E+03  0.1023E+03  0.1023E+03  0.1023E+03  0.1022E+03  0.1021E+03
  0.1019E+03  0.1019E+03  0.1019E+03  0.1022E+03  0.1025E+03  0.1029E+03  0.1034E+03
  0.1036E+03  0.1039E+03  0.1045E+03  0.1041E+03  0.1034E+03  0.1029E+03  0.1027E+03
  0.1025E+03  0.1021E+03  0.1020E+03  0.1021E+03  0.1019E+03  0.1016E+03  0.1016E+03
  0.1020E+03  0.1021E+03  0.1016E+03  0.1016E+03  0.1017E+03  0.1019E+03  0.1020E+03
  0.1022E+03  0.1022E+03  0.1024E+03  0.1024E+03  0.1024E+03  0.1023E+03  0.1025E+03
  0.1030E+03  0.1030E+03  0.1024E+03  0.1024E+03  0.1029E+03  0.1028E+03  0.1024E+03
  0.1022E+03  0.1021E+03  0.1022E+03  0.1024E+03  0.1025E+03  0.1026E+03  0.1027E+03
  0.1028E+03  0.1027E+03  0.1025E+03  0.1023E+03  0.1022E+03  0.1024E+03  0.1030E+03
  0.1031E+03  0.1026E+03  0.1025E+03  0.1029E+03  0.1029E+03  0.1028E+03  0.1026E+03
  0.1025E+03  0.1024E+03  0.1023E+03  0.1023E+03  0.1025E+03  0.1024E+03  0.1021E+03
  0.1019E+03  0.1021E+03  0.1024E+03  0.1028E+03  0.1032E+03  0.1035E+03  0.1038E+03
  0.1038E+03  0.1036E+03  0.1033E+03  0.1029E+03  0.1024E+03  0.1021E+03  0.1019E+03
  0.1019E+03  0.1019E+03  0.1021E+03  0.1022E+03  0.1023E+03  0.1023E+03  0.1023E+03
  0.1023E+03  0.1022E+03
  0.1022E+03  0.1024E+03  0.1025E+03  0.1025E+03  0.1024E+03  0.1022E+03  0.1020E+03
  0.1016E+03  0.1015E+03  0.1015E+03  0.1021E+03  0.1027E+03  0.1037E+03  0.1046E+03
  0.1051E+03  0.1057E+03  0.1068E+03  0.1061E+03  0.1048E+03  0.1037E+03  0.1034E+03
  0.1028E+03  0.1022E+03  0.1019E+03  0.1020E+03  0.1018E+03  0.1011E+03  0.1011E+03
  0.1019E+03  0.1020E+03  0.1011E+03  0.1011E+03  0.1013E+03  0.1017E+03  0.1018E+03
  0.1022E+03  0.1024E+03  0.1026E+03  0.1026E+03  0.1026E+03  0.1025E+03  0.1028E+03
  0.1038E+03  0.1038E+03  0.1027E+03  0.1026E+03  0.1035E+03  0.1034E+03  0.1026E+03
  0.1022E+03  0.1021E+03  0.1022E+03  0.1027E+03  0.1029E+03  0.1030E+03  0.1031E+03
  0.1034E+03  0.1033E+03  0.1027E+03  0.1024E+03  0.1022E+03  0.1026E+03  0.1039E+03
  0.1040E+03  0.1031E+03  0.1029E+03  0.1036E+03  0.1036E+03  0.1034E+03  0.1031E+03
  0.1028E+03  0.1026E+03  0.1025E+03  0.1024E+03  0.1029E+03  0.1027E+03  0.1020E+03
  0.1018E+03  0.1022E+03  0.1027E+03  0.1034E+03  0.1044E+03  0.1048E+03  0.1055E+03
  0.1053E+03  0.1051E+03  0.1045E+03  0.1036E+03  0.1027E+03  0.1021E+03  0.1015E+03
  0.1015E+03  0.1017E+03  0.1020E+03  0.1022E+03  0.1024E+03  0.1025E+03  0.1025E+03
  0.1024E+03  0.1022E+03
  0.1023E+03  0.1026E+03  0.1028E+03  0.1028E+03  0.1027E+03  0.1022E+03  0.1018E+03
  0.1011E+03  0.1008E+03  0.1008E+03  0.1019E+03  0.1031E+03  0.1048E+03  0.1064E+03
  0.1073E+03  0.1083E+03  0.1102E+03  0.1092E+03  0.1071E+03  0.1053E+03  0.1045E+03
  0.1036E+03  0.1024E+03  0.1020E+03  0.1020E+03  0.1015E+03  0.1005E+03  0.1005E+03
  0.1018E+03  0.1019E+03  0.1004E+03  0.1004E+03  0.1007E+03  0.1014E+03  0.1017E+03
  0.1023E+03  0.1026E+03  0.1031E+03  0.1029E+03  0.1031E+03  0.1028E+03  0.1034E+03
  0.1050E+03  0.1050E+03  0.1032E+03  0.1030E+03  0.1044E+03  0.1042E+03  0.1029E+03
  0.1022E+03  0.1021E+03  0.1023E+03  0.1030E+03  0.1033E+03  0.1036E+03  0.1038E+03
  0.1043E+03  0.1040E+03  0.1032E+03  0.1026E+03  0.1023E+03  0.1029E+03  0.1051E+03
  0.1053E+03  0.1038E+03  0.1036E+03  0.1047E+03  0.1048E+03  0.1043E+03  0.1038E+03
  0.1034E+03  0.1030E+03  0.1028E+03  0.1028E+03  0.1035E+03  0.1032E+03  0.1021E+03
  0.1018E+03  0.1026E+03  0.1034E+03  0.1047E+03  0.1062E+03  0.1069E+03  0.1081E+03
  0.1077E+03  0.1072E+03  0.1062E+03  0.1047E+03  0.1030E+03  0.1019E+03  0.1008E+03
  0.1009E+03  0.1012E+03  0.1018E+03  0.1023E+03  0.1026E+03  0.1028E+03  0.1028E+03
  0.1026E+03  0.1023E+03
  0.1024E+03  0.1030E+03  0.1034E+03  0.1034E+03  0.1031E+03  0.1023E+03  0.1014E+03
  0.1002E+03  0.9969E+02  0.9953E+02  0.1013E+03  0.1034E+03  0.1061E+03  0.1085E+03
  0.1097E+03  0.1114E+03  0.1142E+03  0.1128E+03  0.1101E+03  0.1076E+03  0.1064E+03
  0.1049E+03  0.1030E+03  0.1023E+03  0.1021E+03  0.1014E+03  0.1000E+03  0.9998E+02
  0.1017E+03  0.1018E+03  0.9993E+02  0.9990E+02  0.1002E+03  0.1011E+03  0.1016E+03
  0.1026E+03  0.1029E+03  0.1036E+03  0.1034E+03  0.1036E+03  0.1034E+03  0.1042E+03
  0.1062E+03  0.1062E+03  0.1039E+03  0.1035E+03  0.1054E+03  0.1050E+03  0.1033E+03
  0.1022E+03  0.1020E+03  0.1023E+03  0.1032E+03  0.1037E+03  0.1042E+03  0.1045E+03
  0.1051E+03  0.1048E+03  0.1035E+03  0.1028E+03  0.1025E+03  0.1034E+03  0.1063E+03
  0.1067E+03  0.1047E+03  0.1044E+03  0.1060E+03  0.1060E+03  0.1055E+03  0.1048E+03
  0.1042E+03  0.1036E+03  0.1034E+03  0.1034E+03  0.1044E+03  0.1039E+03  0.1026E+03
  0.1022E+03  0.1034E+03  0.1047E+03  0.1065E+03  0.1088E+03  0.1094E+03  0.1110E+03
  0.1103E+03  0.1094E+03  0.1082E+03  0.1058E+03  0.1032E+03  0.1013E+03  0.9959E+02
  0.9982E+02  0.1004E+03  0.1016E+03  0.1024E+03  0.1031E+03  0.1033E+03  0.1034E+03
  0.1030E+03  0.1024E+03
  0.1026E+03  0.1037E+03  0.1044E+03  0.1043E+03  0.1038E+03  0.1025E+03  0.1010E+03
  0.9896E+02  0.9797E+02  0.9744E+02  0.1001E+03  0.1030E+03  0.1068E+03  0.1100E+03
  0.1112E+03  0.1136E+03  0.1169E+03  0.1155E+03  0.1131E+03  0.1101E+03  0.1085E+03
  0.1065E+03  0.1040E+03  0.1029E+03  0.1024E+03  0.1014E+03  0.1000E+03  0.9992E+02
  0.1016E+03  0.1018E+03  0.9978E+02  0.9980E+02  0.9991E+02  0.1011E+03  0.1016E+03
  0.1029E+03  0.1032E+03  0.1040E+03  0.1037E+03  0.1040E+03  0.1039E+03  0.1049E+03
  0.1068E+03  0.1069E+03  0.1044E+03  0.1039E+03  0.1058E+03  0.1052E+03  0.1034E+03
  0.1022E+03  0.1018E+03  0.1020E+03  0.1031E+03  0.1037E+03  0.1043E+03  0.1047E+03
  0.1054E+03  0.1049E+03  0.1036E+03  0.1027E+03  0.1027E+03  0.1037E+03  0.1068E+03
  0.1074E+03  0.1055E+03  0.1052E+03  0.1068E+03  0.1069E+03  0.1065E+03  0.1056E+03
  0.1048E+03  0.1041E+03  0.1041E+03  0.1040E+03  0.1051E+03  0.1046E+03  0.1033E+03
  0.1031E+03  0.1048E+03  0.1065E+03  0.1085E+03  0.1111E+03  0.1113E+03  0.1129E+03
  0.1119E+03  0.1105E+03  0.1094E+03  0.1064E+03  0.1028E+03  0.1000E+03  0.9757E+02
  0.9820E+02  0.9925E+02  0.1012E+03  0.1026E+03  0.1038E+03  0.1041E+03  0.1043E+03
  0.1036E+03  0.1026E+03
  0.1029E+03  0.1047E+03  0.1059E+03  0.1057E+03  0.1050E+03  0.1029E+03  0.1005E+03
  0.9719E+02  0.9539E+02  0.9402E+02  0.9745E+02  0.1012E+03  0.1056E+03  0.1088E+03
  0.1096E+03  0.1122E+03  0.1149E+03  0.1142E+03  0.1138E+03  0.1114E+03  0.1098E+03
  0.1076E+03  0.1051E+03  0.1036E+03  0.1026E+03  0.1016E+03  0.1007E+03  0.1005E+03
  0.1016E+03  0.1017E+03  0.1003E+03  0.1004E+03  0.1001E+03  0.1011E+03  0.1016E+03
  0.1028E+03  0.1029E+03  0.1036E+03  0.1032E+03  0.1036E+03  0.1038E+03  0.1046E+03
  0.1056E+03  0.1056E+03  0.1041E+03  0.1035E+03  0.1046E+03  0.1039E+03  0.1027E+03
  0.1016E+03  0.1012E+03  0.1011E+03  0.1020E+03  0.1025E+03  0.1033E+03  0.1036E+03
  0.1041E+03  0.1036E+03  0.1026E+03  0.1020E+03  0.1023E+03  0.1032E+03  0.1054E+03
  0.1060E+03  0.1050E+03  0.1050E+03  0.1060E+03  0.1060E+03  0.1060E+03  0.1053E+03
  0.1045E+03  0.1039E+03  0.1041E+03  0.1040E+03  0.1049E+03  0.1046E+03  0.1041E+03
  0.1043E+03  0.1063E+03  0.1080E+03  0.1093E+03  0.1112E+03  0.1103E+03  0.1112E+03
  0.1101E+03  0.1082E+03  0.1078E+03  0.1049E+03  0.1009E+03  0.9743E+02  0.9428E+02
  0.9578E+02  0.9766E+02  0.1009E+03  0.1030E+03  0.1049E+03  0.1053E+03  0.1057E+03
  0.1046E+03  0.1029E+03
  0.1033E+03  0.1061E+03  0.1080E+03  0.1077E+03  0.1068E+03  0.1035E+03  0.1001E+03
  0.9510E+02  0.9212E+02  0.8939E+02  0.9317E+02  0.9714E+02  0.1011E+03  0.1037E+03
  0.1036E+03  0.1057E+03  0.1067E+03  0.1068E+03  0.1090E+03  0.1086E+03  0.1079E+03
  0.1064E+03  0.1047E+03  0.1033E+03  0.1019E+03  0.1013E+03  0.1014E+03  0.1011E+03
  0.1009E+03  0.1011E+03  0.1007E+03  0.1011E+03  0.1002E+03  0.1007E+03  0.1007E+03
  0.1016E+03  0.1012E+03  0.1016E+03  0.1010E+03  0.1015E+03  0.1019E+03  0.1021E+03
  0.1017E+03  0.1017E+03  0.1018E+03  0.1014E+03  0.1012E+03  0.1005E+03  0.1005E+03
  0.1000E+03  0.9957E+02  0.9931E+02  0.9962E+02  0.9993E+02  0.1006E+03  0.1007E+03
  0.1008E+03  0.1004E+03  0.1000E+03  0.1001E+03  0.1008E+03  0.1010E+03  0.1014E+03
  0.1019E+03  0.1024E+03  0.1026E+03  0.1026E+03  0.1024E+03  0.1029E+03  0.1026E+03
  0.1021E+03  0.1018E+03  0.1025E+03  0.1023E+03  0.1027E+03  0.1027E+03  0.1035E+03
  0.1042E+03  0.1059E+03  0.1066E+03  0.1062E+03  0.1066E+03  0.1043E+03  0.1044E+03
  0.1037E+03  0.1019E+03  0.1024E+03  0.1004E+03  0.9689E+02  0.9327E+02  0.8986E+02
  0.9274E+02  0.9581E+02  0.1006E+03  0.1036E+03  0.1065E+03  0.1072E+03  0.1077E+03
  0.1060E+03  0.1033E+03
  0.1038E+03  0.1082E+03  0.1112E+03  0.1107E+03  0.1094E+03  0.1046E+03  0.9989E+02
  0.9296E+02  0.8842E+02  0.8381E+02  0.8723E+02  0.9059E+02  0.9311E+02  0.9465E+02
  0.9379E+02  0.9441E+02  0.9304E+02  0.9329E+02  0.9720E+02  0.9905E+02  0.1000E+03
  0.1004E+03  0.1004E+03  0.1000E+03  0.9909E+02  0.9932E+02  0.1004E+03  0.1001E+03
  0.9873E+02  0.9888E+02  0.9980E+02  0.1005E+03  0.9902E+02  0.9863E+02  0.9805E+02
  0.9812E+02  0.9733E+02  0.9723E+02  0.9657E+02  0.9698E+02  0.9736E+02  0.9662E+02
  0.9492E+02  0.9524E+02  0.9703E+02  0.9703E+02  0.9570E+02  0.9507E+02  0.9638E+02
  0.9691E+02  0.9675E+02  0.9631E+02  0.9605E+02  0.9596E+02  0.9624E+02  0.9607E+02
  0.9572E+02  0.9556E+02  0.9590E+02  0.9657E+02  0.9744E+02  0.9659E+02  0.9494E+02
  0.9510E+02  0.9693E+02  0.9734E+02  0.9619E+02  0.9551E+02  0.9628E+02  0.9655E+02
  0.9663E+02  0.9680E+02  0.9768E+02  0.9739E+02  0.9724E+02  0.9760E+02  0.9933E+02
  0.1002E+03  0.1006E+03  0.9949E+02  0.9705E+02  0.9562E+02  0.9309E+02  0.9310E+02
  0.9339E+02  0.9223E+02  0.9342E+02  0.9248E+02  0.9050E+02  0.8755E+02  0.8457E+02
  0.8935E+02  0.9397E+02  0.1006E+03  0.1048E+03  0.1089E+03  0.1099E+03  0.1107E+03
  0.1081E+03  0.1039E+03
  0.1046E+03  0.1110E+03  0.1155E+03  0.1147E+03  0.1130E+03  0.1064E+03  0.1004E+03
  0.9150E+02  0.8538E+02  0.7902E+02  0.8165E+02  0.8412E+02  0.8522E+02  0.8639E+02
  0.8554E+02  0.8489E+02  0.8175E+02  0.8093E+02  0.8389E+02  0.8636E+02  0.8850E+02
  0.9055E+02  0.9254E+02  0.9370E+02  0.9402E+02  0.9516E+02  0.9678E+02  0.9641E+02
  0.9461E+02  0.9475E+02  0.9635E+02  0.9728E+02  0.9585E+02  0.9486E+02  0.9379E+02
  0.9325E+02  0.9231E+02  0.9195E+02  0.9143E+02  0.9167E+02  0.9176E+02  0.9057E+02
  0.8865E+02  0.8927E+02  0.9186E+02  0.9224E+02  0.9064E+02  0.9026E+02  0.9219E+02
  0.9353E+02  0.9386E+02  0.9355E+02  0.9305E+02  0.9266E+02  0.9253E+02  0.9207E+02
  0.9155E+02  0.9153E+02  0.9222E+02  0.9307E+02  0.9354E+02  0.9188E+02  0.8923E+02
  0.8904E+02  0.9105E+02  0.9136E+02  0.8962E+02  0.8855E+02  0.8911E+02  0.8965E+02
  0.9011E+02  0.9056E+02  0.9124E+02  0.9073E+02  0.9010E+02  0.9034E+02  0.9183E+02
  0.9195E+02  0.9076E+02  0.8819E+02  0.8503E+02  0.8344E+02  0.8238E+02  0.8357E+02
  0.8521E+02  0.8481E+02  0.8567E+02  0.8496E+02  0.8433E+02  0.8228E+02  0.8013E+02
  0.8664E+02  0.9283E+02  0.1012E+03  0.1066E+03  0.1122E+03  0.1135E+03  0.1149E+03
  0.1109E+03  0.1046E+03
  0.1056E+03  0.1147E+03  0.1214E+03  0.1201E+03  0.1179E+03  0.1093E+03  0.1017E+03
  0.9081E+02  0.8270E+02  0.7556E+02  0.7690E+02  0.7848E+02  0.8059E+02  0.8200E+02
  0.8207E+02  0.8102E+02  0.7712E+02  0.7477E+02  0.7554E+02  0.7685E+02  0.7873E+02
  0.8123E+02  0.8407E+02  0.8635E+02  0.8780E+02  0.8948E+02  0.9103E+02  0.9070E+02
  0.8920E+02  0.8936E+02  0.9093E+02  0.9200E+02  0.9117E+02  0.9035E+02  0.8942E+02
  0.8891E+02  0.8825E+02  0.8809E+02  0.8789E+02  0.8812E+02  0.8810E+02  0.8705E+02
  0.8567E+02  0.8650E+02  0.8894E+02  0.8950E+02  0.8828E+02  0.8808E+02  0.8992E+02
  0.9149E+02  0.9222E+02  0.9222E+02  0.9184E+02  0.9139E+02  0.9105E+02  0.9051E+02
  0.9002E+02  0.9004E+02  0.9067E+02  0.9125E+02  0.9119E+02  0.8925E+02  0.8659E+02
  0.8612E+02  0.8754E+02  0.8757E+02  0.8581E+02  0.8455E+02  0.8469E+02  0.8507E+02
  0.8546E+02  0.8572E+02  0.8587E+02  0.8496E+02  0.8382E+02  0.8334E+02  0.8364E+02
  0.8272E+02  0.8072E+02  0.7811E+02  0.7590E+02  0.7573E+02  0.7685E+02  0.7973E+02
  0.8239E+02  0.8231E+02  0.8200E+02  0.8085E+02  0.7912E+02  0.7795E+02  0.7711E+02
  0.8441E+02  0.9252E+02  0.1027E+03  0.1093E+03  0.1166E+03  0.1184E+03  0.1205E+03
  0.1146E+03  0.1056E+03
  0.1068E+03  0.1194E+03  0.1292E+03  0.1271E+03  0.1242E+03  0.1136E+03  0.1055E+03
  0.9474E+02  0.8748E+02  0.8515E+02  0.9120E+02  0.9785E+02  0.1065E+03  0.1126E+03
  0.1166E+03  0.1175E+03  0.1133E+03  0.1084E+03  0.1052E+03  0.1024E+03  0.1007E+03
  0.9999E+02  0.1002E+03  0.1004E+03  0.1002E+03  0.1002E+03  0.1002E+03  0.9903E+02
  0.9745E+02  0.9742E+02  0.9883E+02  0.1004E+03  0.1011E+03  0.1019E+03  0.1028E+03
  0.1041E+03  0.1053E+03  0.1068E+03  0.1081E+03  0.1094E+03  0.1102E+03  0.1099E+03
  0.1092E+03  0.1100E+03  0.1115E+03  0.1114E+03  0.1097E+03  0.1086E+03  0.1092E+03
  0.1099E+03  0.1101E+03  0.1100E+03  0.1097E+03  0.1094E+03  0.1093E+03  0.1091E+03
  0.1091E+03  0.1095E+03  0.1103E+03  0.1111E+03  0.1113E+03  0.1102E+03  0.1086E+03
  0.1088E+03  0.1103E+03  0.1106E+03  0.1094E+03  0.1084E+03  0.1083E+03  0.1083E+03
  0.1081E+03  0.1076E+03  0.1068E+03  0.1051E+03  0.1032E+03  0.1020E+03  0.1017E+03
  0.1011E+03  0.1004E+03  0.1003E+03  0.1015E+03  0.1052E+03  0.1101E+03  0.1156E+03
  0.1188E+03  0.1169E+03  0.1127E+03  0.1069E+03  0.9872E+02  0.9255E+02  0.8707E+02
  0.8953E+02  0.9667E+02  0.1065E+03  0.1134E+03  0.1222E+03  0.1248E+03  0.1280E+03
  0.1193E+03  0.1068E+03
  0.1080E+03  0.1244E+03  0.1377E+03  0.1348E+03  0.1310E+03  0.1192E+03  0.1118E+03
  0.1040E+03  0.1023E+03  0.1132E+03  0.1344E+03  0.1548E+03  0.1778E+03  0.1956E+03
  0.2082E+03  0.2145E+03  0.2108E+03  0.2023E+03  0.1931E+03  0.1829E+03  0.1734E+03
  0.1655E+03  0.1591E+03  0.1534E+03  0.1481E+03  0.1438E+03  0.1402E+03  0.1366E+03
  0.1334E+03  0.1326E+03  0.1340E+03  0.1364E+03  0.1387E+03  0.1419E+03  0.1455E+03
  0.1498E+03  0.1541E+03  0.1585E+03  0.1625E+03  0.1659E+03  0.1683E+03  0.1689E+03
  0.1683E+03  0.1683E+03  0.1685E+03  0.1665E+03  0.1626E+03  0.1593E+03  0.1576E+03
  0.1561E+03  0.1548E+03  0.1535E+03  0.1525E+03  0.1520E+03  0.1520E+03  0.1524E+03
  0.1533E+03  0.1548E+03  0.1570E+03  0.1594E+03  0.1615E+03  0.1624E+03  0.1630E+03
  0.1652E+03  0.1687E+03  0.1709E+03  0.1713E+03  0.1714E+03  0.1722E+03  0.1727E+03
  0.1727E+03  0.1722E+03  0.1713E+03  0.1695E+03  0.1678E+03  0.1674E+03  0.1687E+03
  0.1705E+03  0.1734E+03  0.1778E+03  0.1845E+03  0.1941E+03  0.2042E+03  0.2125E+03
  0.2145E+03  0.2068E+03  0.1941E+03  0.1770E+03  0.1550E+03  0.1355E+03  0.1152E+03
  0.1045E+03  0.1060E+03  0.1127E+03  0.1186E+03  0.1284E+03  0.1320E+03  0.1363E+03
  0.1243E+03  0.1081E+03
  0.1093E+03  0.1295E+03  0.1467E+03  0.1427E+03  0.1375E+03  0.1257E+03  0.1215E+03
  0.1217E+03  0.1336E+03  0.1701E+03  0.2219E+03  0.2674E+03  0.3141E+03  0.3524E+03
  0.3803E+03  0.3975E+03  0.3978E+03  0.3868E+03  0.3698E+03  0.3484E+03  0.3260E+03
  0.3049E+03  0.2860E+03  0.2689E+03  0.2537E+03  0.2410E+03  0.2306E+03  0.2217E+03
  0.2150E+03  0.2120E+03  0.2125E+03  0.2152E+03  0.2191E+03  0.2246E+03  0.2313E+03
  0.2391E+03  0.2471E+03  0.2551E+03  0.2622E+03  0.2680E+03  0.2718E+03  0.2727E+03
  0.2713E+03  0.2694E+03  0.2667E+03  0.2610E+03  0.2532E+03  0.2458E+03  0.2400E+03
  0.2349E+03  0.2305E+03  0.2268E+03  0.2241E+03  0.2227E+03  0.2225E+03  0.2235E+03
  0.2256E+03  0.2291E+03  0.2338E+03  0.2394E+03  0.2451E+03  0.2503E+03  0.2555E+03
  0.2624E+03  0.2707E+03  0.2777E+03  0.2827E+03  0.2872E+03  0.2919E+03  0.2961E+03
  0.2996E+03  0.3023E+03  0.3046E+03  0.3061E+03  0.3082E+03  0.3122E+03  0.3189E+03
  0.3272E+03  0.3373E+03  0.3497E+03  0.3643E+03  0.3808E+03  0.3950E+03  0.4026E+03
  0.3979E+03  0.3776E+03  0.3489E+03  0.3111E+03  0.2657E+03  0.2217E+03  0.1713E+03
  0.1353E+03  0.1230E+03  0.1218E+03  0.1245E+03  0.1344E+03  0.1396E+03  0.1452E+03
  0.1294E+03  0.1093E+03
  0.1102E+03  0.1335E+03  0.1540E+03  0.1492E+03  0.1423E+03  0.1311E+03  0.1307E+03
  0.1396E+03  0.1666E+03  0.2269E+03  0.3076E+03  0.3744E+03  0.4387E+03  0.4932E+03
  0.5328E+03  0.5591E+03  0.5653E+03  0.5560E+03  0.5365E+03  0.5092E+03  0.4786E+03
  0.4481E+03  0.4194E+03  0.3929E+03  0.3692E+03  0.3491E+03  0.3326E+03  0.3188E+03
  0.3085E+03  0.3031E+03  0.3021E+03  0.3043E+03  0.3085E+03  0.3150E+03  0.3233E+03
  0.3328E+03  0.3427E+03  0.3524E+03  0.3609E+03  0.3674E+03  0.3712E+03  0.3715E+03
  0.3687E+03  0.3644E+03  0.3586E+03  0.3495E+03  0.3383E+03  0.3273E+03  0.3179E+03
  0.3094E+03  0.3020E+03  0.2960E+03  0.2916E+03  0.2890E+03  0.2883E+03  0.2894E+03
  0.2923E+03  0.2971E+03  0.3038E+03  0.3119E+03  0.3209E+03  0.3301E+03  0.3398E+03
  0.3514E+03  0.3646E+03  0.3769E+03  0.3876E+03  0.3978E+03  0.4082E+03  0.4181E+03
  0.4272E+03  0.4355E+03  0.4435E+03  0.4509E+03  0.4590E+03  0.4691E+03  0.4821E+03
  0.4967E+03  0.5130E+03  0.5307E+03  0.5493E+03  0.5672E+03  0.5795E+03  0.5814E+03
  0.5673E+03  0.5351E+03  0.4925E+03  0.4368E+03  0.3727E+03  0.3067E+03  0.2272E+03
  0.1674E+03  0.1401E+03  0.1304E+03  0.1296E+03  0.1390E+03  0.1459E+03  0.1525E+03
  0.1334E+03  0.1103E+03
  0.1110E+03  0.1369E+03  0.1607E+03  0.1551E+03  0.1462E+03  0.1357E+03  0.1380E+03
  0.1534E+03  0.1914E+03  0.2630E+03  0.3576E+03  0.4335E+03  0.5024E+03  0.5623E+03
  0.6051E+03  0.6344E+03  0.6446E+03  0.6394E+03  0.6231E+03  0.5981E+03  0.5684E+03
  0.5375E+03  0.5075E+03  0.4791E+03  0.4533E+03  0.4310E+03  0.4124E+03  0.3971E+03
  0.3856E+03  0.3791E+03  0.3773E+03  0.3790E+03  0.3831E+03  0.3898E+03  0.3983E+03
  0.4081E+03  0.4181E+03  0.4278E+03  0.4359E+03  0.4420E+03  0.4450E+03  0.4442E+03
  0.4401E+03  0.4340E+03  0.4260E+03  0.4149E+03  0.4016E+03  0.3885E+03  0.3768E+03
  0.3661E+03  0.3567E+03  0.3489E+03  0.3430E+03  0.3392E+03  0.3376E+03  0.3381E+03
  0.3408E+03  0.3458E+03  0.3529E+03  0.3618E+03  0.3720E+03  0.3830E+03  0.3949E+03
  0.4089E+03  0.4246E+03  0.4399E+03  0.4541E+03  0.4681E+03  0.4824E+03  0.4964E+03
  0.5097E+03  0.5224E+03  0.5347E+03  0.5465E+03  0.5587E+03  0.5724E+03  0.5883E+03
  0.6051E+03  0.6224E+03  0.6399E+03  0.6564E+03  0.6705E+03  0.6773E+03  0.6730E+03
  0.6529E+03  0.6158E+03  0.5680E+03  0.5048E+03  0.4342E+03  0.3576E+03  0.2629E+03
  0.1915E+03  0.1533E+03  0.1372E+03  0.1340E+03  0.1429E+03  0.1520E+03  0.1593E+03
  0.1369E+03  0.1111E+03
  0.1116E+03  0.1392E+03  0.1652E+03  0.1589E+03  0.1467E+03  0.1355E+03  0.1372E+03
  0.1522E+03  0.1877E+03  0.2473E+03  0.3247E+03  0.3847E+03  0.4367E+03  0.4820E+03
  0.5138E+03  0.5359E+03  0.5454E+03  0.5444E+03  0.5358E+03  0.5209E+03  0.5023E+03
  0.4822E+03  0.4621E+03  0.4428E+03  0.4249E+03  0.4094E+03  0.3964E+03  0.3858E+03
  0.3780E+03  0.3740E+03  0.3736E+03  0.3759E+03  0.3801E+03  0.3863E+03  0.3939E+03
  0.4024E+03  0.4109E+03  0.4190E+03  0.4256E+03  0.4304E+03  0.4326E+03  0.4317E+03
  0.4280E+03  0.4224E+03  0.4150E+03  0.4051E+03  0.3934E+03  0.3817E+03  0.3708E+03
  0.3607E+03  0.3515E+03  0.3437E+03  0.3374E+03  0.3329E+03  0.3303E+03  0.3295E+03
  0.3305E+03  0.3334E+03  0.3381E+03  0.3444E+03  0.3518E+03  0.3601E+03  0.3692E+03
  0.3799E+03  0.3920E+03  0.4039E+03  0.4153E+03  0.4266E+03  0.4382E+03  0.4495E+03
  0.4605E+03  0.4710E+03  0.4811E+03  0.4908E+03  0.5006E+03  0.5111E+03  0.5227E+03
  0.5343E+03  0.5458E+03  0.5567E+03  0.5662E+03  0.5733E+03  0.5750E+03  0.5689E+03
  0.5524E+03  0.5243E+03  0.4884E+03  0.4401E+03  0.3862E+03  0.3249E+03  0.2469E+03
  0.1873E+03  0.1518E+03  0.1364E+03  0.1341E+03  0.1441E+03  0.1563E+03  0.1641E+03
  0.1393E+03  0.1116E+03
  0.1117E+03  0.1399E+03  0.1669E+03  0.1598E+03  0.1435E+03  0.1298E+03  0.1278E+03
  0.1368E+03  0.1614E+03  0.2002E+03  0.2516E+03  0.2909E+03  0.3236E+03  0.3521E+03
  0.3716E+03  0.3852E+03  0.3915E+03  0.3921E+03  0.3884E+03  0.3811E+03  0.3719E+03
  0.3617E+03  0.3514E+03  0.3415E+03  0.3324E+03  0.3246E+03  0.3183E+03  0.3135E+03
  0.3105E+03  0.3098E+03  0.3115E+03  0.3149E+03  0.3195E+03  0.3254E+03  0.3322E+03
  0.3395E+03  0.3467E+03  0.3534E+03  0.3591E+03  0.3633E+03  0.3655E+03  0.3654E+03
  0.3632E+03  0.3594E+03  0.3542E+03  0.3470E+03  0.3384E+03  0.3295E+03  0.3209E+03
  0.3127E+03  0.3051E+03  0.2983E+03  0.2925E+03  0.2878E+03  0.2845E+03  0.2823E+03
  0.2815E+03  0.2819E+03  0.2835E+03  0.2862E+03  0.2897E+03  0.2937E+03  0.2983E+03
  0.3039E+03  0.3103E+03  0.3166E+03  0.3226E+03  0.3287E+03  0.3348E+03  0.3409E+03
  0.3467E+03  0.3522E+03  0.3576E+03  0.3627E+03  0.3678E+03  0.3733E+03  0.3794E+03
  0.3854E+03  0.3913E+03  0.3967E+03  0.4014E+03  0.4047E+03  0.4050E+03  0.4010E+03
  0.3912E+03  0.3748E+03  0.3533E+03  0.3235E+03  0.2900E+03  0.2504E+03  0.1991E+03
  0.1607E+03  0.1366E+03  0.1276E+03  0.1292E+03  0.1420E+03  0.1581E+03  0.1661E+03
  0.1401E+03  0.1119E+03
  0.1115E+03  0.1386E+03  0.1642E+03  0.1559E+03  0.1350E+03  0.1182E+03  0.1117E+03
  0.1138E+03  0.1267E+03  0.1477E+03  0.1768E+03  0.1988E+03  0.2166E+03  0.2320E+03
  0.2424E+03  0.2495E+03  0.2531E+03  0.2539E+03  0.2526E+03  0.2498E+03  0.2460E+03
  0.2419E+03  0.2378E+03  0.2340E+03  0.2307E+03  0.2281E+03  0.2263E+03  0.2254E+03
  0.2255E+03  0.2270E+03  0.2298E+03  0.2336E+03  0.2381E+03  0.2434E+03  0.2491E+03
  0.2551E+03  0.2610E+03  0.2665E+03  0.2712E+03  0.2749E+03  0.2774E+03  0.2782E+03
  0.2776E+03  0.2758E+03  0.2729E+03  0.2686E+03  0.2632E+03  0.2574E+03  0.2516E+03
  0.2458E+03  0.2402E+03  0.2349E+03  0.2302E+03  0.2260E+03  0.2226E+03  0.2199E+03
  0.2178E+03  0.2165E+03  0.2159E+03  0.2158E+03  0.2162E+03  0.2169E+03  0.2179E+03
  0.2194E+03  0.2213E+03  0.2233E+03  0.2250E+03  0.2268E+03  0.2286E+03  0.2304E+03
  0.2322E+03  0.2338E+03  0.2355E+03  0.2371E+03  0.2387E+03  0.2407E+03  0.2430E+03
  0.2454E+03  0.2478E+03  0.2501E+03  0.2521E+03  0.2536E+03  0.2537E+03  0.2519E+03
  0.2473E+03  0.2394E+03  0.2287E+03  0.2133E+03  0.1957E+03  0.1742E+03  0.1460E+03
  0.1259E+03  0.1137E+03  0.1122E+03  0.1187E+03  0.1350E+03  0.1554E+03  0.1640E+03
  0.1388E+03  0.1116E+03
  0.1106E+03  0.1349E+03  0.1568E+03  0.1466E+03  0.1216E+03  0.1029E+03  0.9390E+02
  0.9170E+02  0.9747E+02  0.1085E+03  0.1251E+03  0.1377E+03  0.1478E+03  0.1566E+03
  0.1624E+03  0.1665E+03  0.1687E+03  0.1695E+03  0.1693E+03  0.1684E+03  0.1671E+03
  0.1658E+03  0.1645E+03  0.1635E+03  0.1628E+03  0.1626E+03  0.1630E+03  0.1639E+03
  0.1655E+03  0.1678E+03  0.1710E+03  0.1748E+03  0.1791E+03  0.1839E+03  0.1889E+03
  0.1940E+03  0.1991E+03  0.2039E+03  0.2081E+03  0.2116E+03  0.2142E+03  0.2157E+03
  0.2161E+03  0.2157E+03  0.2143E+03  0.2119E+03  0.2087E+03  0.2049E+03  0.2010E+03
  0.1969E+03  0.1927E+03  0.1887E+03  0.1848E+03  0.1812E+03  0.1779E+03  0.1750E+03
  0.1725E+03  0.1703E+03  0.1685E+03  0.1671E+03  0.1658E+03  0.1648E+03  0.1638E+03
  0.1632E+03  0.1629E+03  0.1625E+03  0.1620E+03  0.1616E+03  0.1613E+03  0.1609E+03
  0.1607E+03  0.1604E+03  0.1602E+03  0.1601E+03  0.1601E+03  0.1603E+03  0.1608E+03
  0.1615E+03  0.1623E+03  0.1631E+03  0.1639E+03  0.1646E+03  0.1646E+03  0.1637E+03
  0.1615E+03  0.1574E+03  0.1519E+03  0.1436E+03  0.1341E+03  0.1223E+03  0.1069E+03
  0.9690E+02  0.9210E+02  0.9509E+02  0.1046E+03  0.1232E+03  0.1474E+03  0.1572E+03
  0.1353E+03  0.1108E+03
  0.1086E+03  0.1268E+03  0.1400E+03  0.1269E+03  0.1020E+03  0.8599E+02  0.7791E+02
  0.7506E+02  0.7787E+02  0.8420E+02  0.9403E+02  0.1016E+03  0.1076E+03  0.1129E+03
  0.1165E+03  0.1192E+03  0.1210E+03  0.1220E+03  0.1226E+03  0.1229E+03  0.1230E+03
  0.1232E+03  0.1235E+03  0.1240E+03  0.1248E+03  0.1258E+03  0.1273E+03  0.1291E+03
  0.1314E+03  0.1342E+03  0.1375E+03  0.1413E+03  0.1453E+03  0.1497E+03  0.1542E+03
  0.1589E+03  0.1634E+03  0.1677E+03  0.1716E+03  0.1751E+03  0.1778E+03  0.1798E+03
  0.1810E+03  0.1815E+03  0.1812E+03  0.1802E+03  0.1784E+03  0.1762E+03  0.1736E+03
  0.1708E+03  0.1678E+03  0.1647E+03  0.1615E+03  0.1585E+03  0.1555E+03  0.1527E+03
  0.1500E+03  0.1475E+03  0.1452E+03  0.1431E+03  0.1410E+03  0.1390E+03  0.1371E+03
  0.1354E+03  0.1339E+03  0.1323E+03  0.1307E+03  0.1291E+03  0.1277E+03  0.1262E+03
  0.1249E+03  0.1236E+03  0.1224E+03  0.1213E+03  0.1204E+03  0.1196E+03  0.1191E+03
  0.1187E+03  0.1184E+03  0.1183E+03  0.1182E+03  0.1181E+03  0.1177E+03  0.1169E+03
  0.1154E+03  0.1130E+03  0.1097E+03  0.1049E+03  0.9947E+02  0.9256E+02  0.8366E+02
  0.7826E+02  0.7633E+02  0.8001E+02  0.8866E+02  0.1049E+03  0.1289E+03  0.1410E+03
  0.1272E+03  0.1087E+03
  0.1054E+03  0.1156E+03  0.1176E+03  0.1010E+03  0.7972E+02  0.6848E+02  0.6301E+02
  0.6125E+02  0.6334E+02  0.6779E+02  0.7453E+02  0.7973E+02  0.8392E+02  0.8762E+02
  0.9027E+02  0.9239E+02  0.9397E+02  0.9516E+02  0.9613E+02  0.9694E+02  0.9771E+02
  0.9854E+02  0.9948E+02  0.1006E+03  0.1019E+03  0.1035E+03  0.1053E+03  0.1074E+03
  0.1098E+03  0.1126E+03  0.1157E+03  0.1192E+03  0.1229E+03  0.1268E+03  0.1308E+03
  0.1348E+03  0.1388E+03  0.1426E+03  0.1462E+03  0.1493E+03  0.1520E+03  0.1541E+03
  0.1556E+03  0.1566E+03  0.1570E+03  0.1567E+03  0.1558E+03  0.1545E+03  0.1529E+03
  0.1510E+03  0.1488E+03  0.1465E+03  0.1441E+03  0.1416E+03  0.1391E+03  0.1366E+03
  0.1341E+03  0.1317E+03  0.1294E+03  0.1271E+03  0.1249E+03  0.1227E+03  0.1205E+03
  0.1185E+03  0.1165E+03  0.1145E+03  0.1125E+03  0.1106E+03  0.1087E+03  0.1069E+03
  0.1052E+03  0.1035E+03  0.1019E+03  0.1005E+03  0.9911E+02  0.9792E+02  0.9690E+02
  0.9602E+02  0.9527E+02  0.9461E+02  0.9402E+02  0.9344E+02  0.9275E+02  0.9181E+02
  0.9049E+02  0.8864E+02  0.8628E+02  0.8296E+02  0.7917E+02  0.7444E+02  0.6834E+02
  0.6455E+02  0.6310E+02  0.6550E+02  0.7145E+02  0.8288E+02  0.1035E+03  0.1188E+03
  0.1161E+03  0.1056E+03
  0.1009E+03  0.1013E+03  0.9037E+02  0.6983E+02  0.5285E+02  0.4585E+02  0.4262E+02
  0.4162E+02  0.4288E+02  0.4548E+02  0.4936E+02  0.5233E+02  0.5472E+02  0.5681E+02
  0.5833E+02  0.5957E+02  0.6053E+02  0.6131E+02  0.6197E+02  0.6256E+02  0.6314E+02
  0.6376E+02  0.6446E+02  0.6525E+02  0.6615E+02  0.6719E+02  0.6838E+02  0.6972E+02
  0.7123E+02  0.7293E+02  0.7483E+02  0.7688E+02  0.7904E+02  0.8130E+02  0.8362E+02
  0.8595E+02  0.8825E+02  0.9045E+02  0.9249E+02  0.9434E+02  0.9593E+02  0.9722E+02
  0.9819E+02  0.9886E+02  0.9923E+02  0.9925E+02  0.9894E+02  0.9839E+02  0.9765E+02
  0.9671E+02  0.9562E+02  0.9441E+02  0.9311E+02  0.9175E+02  0.9035E+02  0.8892E+02
  0.8749E+02  0.8607E+02  0.8466E+02  0.8327E+02  0.8188E+02  0.8048E+02  0.7910E+02
  0.7777E+02  0.7647E+02  0.7518E+02  0.7388E+02  0.7261E+02  0.7138E+02  0.7018E+02
  0.6903E+02  0.6793E+02  0.6688E+02  0.6589E+02  0.6499E+02  0.6417E+02  0.6346E+02
  0.6283E+02  0.6227E+02  0.6178E+02  0.6133E+02  0.6090E+02  0.6041E+02  0.5980E+02
  0.5900E+02  0.5792E+02  0.5657E+02  0.5467E+02  0.5251E+02  0.4979E+02  0.4625E+02
  0.4401E+02  0.4312E+02  0.4448E+02  0.4800E+02  0.5512E+02  0.7181E+02  0.9152E+02
  0.1018E+03  0.1010E+03
  0.9352E+02  0.8121E+02  0.5656E+02  0.3487E+02  0.2397E+02  0.2012E+02  0.1840E+02
  0.1762E+02  0.1771E+02  0.1833E+02  0.1941E+02  0.2026E+02  0.2093E+02  0.2151E+02
  0.2190E+02  0.2220E+02  0.2241E+02  0.2255E+02  0.2266E+02  0.2274E+02  0.2282E+02
  0.2291E+02  0.2303E+02  0.2317E+02  0.2334E+02  0.2356E+02  0.2382E+02  0.2412E+02
  0.2446E+02  0.2487E+02  0.2532E+02  0.2581E+02  0.2634E+02  0.2688E+02  0.2745E+02
  0.2801E+02  0.2856E+02  0.2909E+02  0.2957E+02  0.3001E+02  0.3038E+02  0.3067E+02
  0.3089E+02  0.3104E+02  0.3111E+02  0.3109E+02  0.3100E+02  0.3085E+02  0.3065E+02
  0.3041E+02  0.3013E+02  0.2983E+02  0.2950E+02  0.2916E+02  0.2881E+02  0.2846E+02
  0.2811E+02  0.2776E+02  0.2742E+02  0.2709E+02  0.2675E+02  0.2642E+02  0.2609E+02
  0.2578E+02  0.2548E+02  0.2518E+02  0.2488E+02  0.2459E+02  0.2431E+02  0.2405E+02
  0.2379E+02  0.2356E+02  0.2334E+02  0.2314E+02  0.2296E+02  0.2281E+02  0.2269E+02
  0.2260E+02  0.2253E+02  0.2248E+02  0.2245E+02  0.2241E+02  0.2236E+02  0.2228E+02
  0.2212E+02  0.2187E+02  0.2153E+02  0.2102E+02  0.2042E+02  0.1965E+02  0.1868E+02
  0.1819E+02  0.1822E+02  0.1914E+02  0.2098E+02  0.2492E+02  0.3583E+02  0.5730E+02
  0.8156E+02  0.9360E+02
  0.8032E+02  0.5362E+02  0.2476E+02  0.1170E+02  0.7385E+01  0.5845E+01  0.5154E+01
  0.4736E+01  0.4549E+01  0.4501E+01  0.4562E+01  0.4629E+01  0.4680E+01  0.4720E+01
  0.4739E+01  0.4740E+01  0.4726E+01  0.4703E+01  0.4673E+01  0.4641E+01  0.4610E+01
  0.4580E+01  0.4556E+01  0.4536E+01  0.4522E+01  0.4515E+01  0.4515E+01  0.4522E+01
  0.4537E+01  0.4559E+01  0.4589E+01  0.4625E+01  0.4665E+01  0.4709E+01  0.4755E+01
  0.4802E+01  0.4848E+01  0.4892E+01  0.4931E+01  0.4965E+01  0.4993E+01  0.5012E+01
  0.5024E+01  0.5028E+01  0.5026E+01  0.5015E+01  0.4996E+01  0.4973E+01  0.4945E+01
  0.4915E+01  0.4881E+01  0.4846E+01  0.4811E+01  0.4775E+01  0.4740E+01  0.4705E+01
  0.4673E+01  0.4642E+01  0.4613E+01  0.4586E+01  0.4561E+01  0.4537E+01  0.4516E+01
  0.4497E+01  0.4480E+01  0.4466E+01  0.4452E+01  0.4441E+01  0.4432E+01  0.4426E+01
  0.4422E+01  0.4422E+01  0.4425E+01  0.4432E+01  0.4443E+01  0.4460E+01  0.4482E+01
  0.4509E+01  0.4540E+01  0.4576E+01  0.4614E+01  0.4654E+01  0.4693E+01  0.4725E+01
  0.4747E+01  0.4755E+01  0.4746E+01  0.4716E+01  0.4678E+01  0.4626E+01  0.4586E+01
  0.4660E+01  0.4875E+01  0.5325E+01  0.6046E+01  0.7613E+01  0.1196E+02  0.2502E+02
  0.5376E+02  0.8031E+02
  0.6903E+02  0.3995E+02  0.1787E+02  0.9659E+01  0.6604E+01  0.5239E+01  0.4590E+01
  0.4150E+01  0.3882E+01  0.3726E+01  0.3655E+01  0.3630E+01  0.3613E+01  0.3598E+01
  0.3580E+01  0.3555E+01  0.3525E+01  0.3492E+01  0.3458E+01  0.3424E+01  0.3391E+01
  0.3361E+01  0.3335E+01  0.3312E+01  0.3293E+01  0.3279E+01  0.3269E+01  0.3263E+01
  0.3261E+01  0.3264E+01  0.3271E+01  0.3282E+01  0.3295E+01  0.3311E+01  0.3327E+01
  0.3345E+01  0.3362E+01  0.3378E+01  0.3393E+01  0.3405E+01  0.3414E+01  0.3420E+01
  0.3423E+01  0.3422E+01  0.3419E+01  0.3412E+01  0.3401E+01  0.3389E+01  0.3375E+01
  0.3360E+01  0.3344E+01  0.3327E+01  0.3311E+01  0.3294E+01  0.3279E+01  0.3264E+01
  0.3250E+01  0.3237E+01  0.3226E+01  0.3216E+01  0.3207E+01  0.3199E+01  0.3192E+01
  0.3187E+01  0.3184E+01  0.3182E+01  0.3181E+01  0.3181E+01  0.3184E+01  0.3188E+01
  0.3194E+01  0.3202E+01  0.3212E+01  0.3225E+01  0.3240E+01  0.3260E+01  0.3283E+01
  0.3309E+01  0.3339E+01  0.3372E+01  0.3408E+01  0.3446E+01  0.3485E+01  0.3523E+01
  0.3557E+01  0.3586E+01  0.3609E+01  0.3630E+01  0.3654E+01  0.3688E+01  0.3772E+01
  0.3942E+01  0.4226E+01  0.4684E+01  0.5347E+01  0.6719E+01  0.9768E+01  0.1794E+02
  0.3991E+02  0.6890E+02
  0.6694E+02  0.4230E+02  0.2398E+02  0.1575E+02  0.1178E+02  0.9675E+01  0.8610E+01
  0.7840E+01  0.7324E+01  0.6983E+01  0.6775E+01  0.6674E+01  0.6603E+01  0.6545E+01
  0.6492E+01  0.6435E+01  0.6375E+01  0.6313E+01  0.6252E+01  0.6194E+01  0.6139E+01
  0.6089E+01  0.6044E+01  0.6005E+01  0.5972E+01  0.5945E+01  0.5925E+01  0.5910E+01
  0.5901E+01  0.5899E+01  0.5902E+01  0.5911E+01  0.5922E+01  0.5937E+01  0.5953E+01
  0.5971E+01  0.5988E+01  0.6005E+01  0.6020E+01  0.6032E+01  0.6042E+01  0.6047E+01
  0.6049E+01  0.6047E+01  0.6041E+01  0.6032E+01  0.6019E+01  0.6003E+01  0.5986E+01
  0.5968E+01  0.5949E+01  0.5929E+01  0.5909E+01  0.5890E+01  0.5872E+01  0.5855E+01
  0.5839E+01  0.5825E+01  0.5812E+01  0.5802E+01  0.5793E+01  0.5785E+01  0.5779E+01
  0.5776E+01  0.5775E+01  0.5776E+01  0.5778E+01  0.5782E+01  0.5790E+01  0.5799E+01
  0.5812E+01  0.5828E+01  0.5847E+01  0.5870E+01  0.5898E+01  0.5930E+01  0.5968E+01
  0.6012E+01  0.6060E+01  0.6114E+01  0.6173E+01  0.6237E+01  0.6303E+01  0.6371E+01
  0.6436E+01  0.6499E+01  0.6557E+01  0.6623E+01  0.6703E+01  0.6814E+01  0.7037E+01
  0.7396E+01  0.7931E+01  0.8718E+01  0.9795E+01  0.1190E+02  0.1584E+02  0.2401E+02
  0.4222E+02  0.6680E+02
  0.6923E+02  0.5061E+02  0.3495E+02  0.2570E+02  0.2027E+02  0.1708E+02  0.1539E+02
  0.1412E+02  0.1322E+02  0.1259E+02  0.1217E+02  0.1195E+02  0.1180E+02  0.1167E+02
  0.1156E+02  0.1145E+02  0.1134E+02  0.1124E+02  0.1113E+02  0.1103E+02  0.1094E+02
  0.1086E+02  0.1079E+02  0.1072E+02  0.1067E+02  0.1062E+02  0.1058E+02  0.1055E+02
  0.1053E+02  0.1052E+02  0.1052E+02  0.1052E+02  0.1053E+02  0.1054E+02  0.1056E+02
  0.1058E+02  0.1060E+02  0.1062E+02  0.1063E+02  0.1065E+02  0.1065E+02  0.1066E+02
  0.1066E+02  0.1066E+02  0.1065E+02  0.1063E+02  0.1062E+02  0.1060E+02  0.1058E+02
  0.1055E+02  0.1053E+02  0.1050E+02  0.1048E+02  0.1045E+02  0.1043E+02  0.1041E+02
  0.1039E+02  0.1037E+02  0.1036E+02  0.1035E+02  0.1034E+02  0.1033E+02  0.1033E+02
  0.1033E+02  0.1033E+02  0.1033E+02  0.1034E+02  0.1035E+02  0.1037E+02  0.1039E+02
  0.1041E+02  0.1044E+02  0.1047E+02  0.1051E+02  0.1056E+02  0.1061E+02  0.1068E+02
  0.1075E+02  0.1083E+02  0.1091E+02  0.1101E+02  0.1111E+02  0.1122E+02  0.1134E+02
  0.1146E+02  0.1157E+02  0.1169E+02  0.1182E+02  0.1199E+02  0.1222E+02  0.1266E+02
  0.1331E+02  0.1423E+02  0.1552E+02  0.1722E+02  0.2040E+02  0.2579E+02  0.3498E+02
  0.5055E+02  0.6913E+02
  0.7437E+02  0.6207E+02  0.4894E+02  0.3884E+02  0.3203E+02  0.2773E+02  0.2535E+02
  0.2350E+02  0.2215E+02  0.2116E+02  0.2046E+02  0.2008E+02  0.1981E+02  0.1959E+02
  0.1941E+02  0.1923E+02  0.1905E+02  0.1888E+02  0.1872E+02  0.1857E+02  0.1843E+02
  0.1830E+02  0.1818E+02  0.1808E+02  0.1799E+02  0.1791E+02  0.1785E+02  0.1780E+02
  0.1776E+02  0.1773E+02  0.1771E+02  0.1771E+02  0.1771E+02  0.1771E+02  0.1772E+02
  0.1774E+02  0.1775E+02  0.1777E+02  0.1778E+02  0.1779E+02  0.1780E+02  0.1780E+02
  0.1779E+02  0.1779E+02  0.1777E+02  0.1776E+02  0.1773E+02  0.1771E+02  0.1768E+02
  0.1765E+02  0.1762E+02  0.1759E+02  0.1756E+02  0.1753E+02  0.1751E+02  0.1749E+02
  0.1747E+02  0.1745E+02  0.1744E+02  0.1743E+02  0.1742E+02  0.1742E+02  0.1742E+02
  0.1742E+02  0.1743E+02  0.1745E+02  0.1746E+02  0.1749E+02  0.1752E+02  0.1755E+02
  0.1759E+02  0.1764E+02  0.1770E+02  0.1776E+02  0.1784E+02  0.1793E+02  0.1802E+02
  0.1813E+02  0.1826E+02  0.1839E+02  0.1854E+02  0.1870E+02  0.1887E+02  0.1905E+02
  0.1923E+02  0.1942E+02  0.1961E+02  0.1984E+02  0.2013E+02  0.2052E+02  0.2124E+02
  0.2225E+02  0.2363E+02  0.2550E+02  0.2788E+02  0.3217E+02  0.3893E+02  0.4896E+02
  0.6203E+02  0.7430E+02
  0.8056E+02  0.7263E+02  0.6227E+02  0.5282E+02  0.4580E+02  0.4107E+02  0.3834E+02
  0.3616E+02  0.3450E+02  0.3326E+02  0.3236E+02  0.3186E+02  0.3149E+02  0.3120E+02
  0.3095E+02  0.3071E+02  0.3048E+02  0.3026E+02  0.3005E+02  0.2985E+02  0.2966E+02
  0.2949E+02  0.2934E+02  0.2920E+02  0.2908E+02  0.2897E+02  0.2888E+02  0.2880E+02
  0.2874E+02  0.2869E+02  0.2866E+02  0.2864E+02  0.2863E+02  0.2862E+02  0.2862E+02
  0.2863E+02  0.2864E+02  0.2865E+02  0.2865E+02  0.2866E+02  0.2866E+02  0.2865E+02
  0.2865E+02  0.2863E+02  0.2862E+02  0.2859E+02  0.2857E+02  0.2853E+02  0.2850E+02
  0.2847E+02  0.2844E+02  0.2840E+02  0.2837E+02  0.2834E+02  0.2832E+02  0.2829E+02
  0.2827E+02  0.2826E+02  0.2825E+02  0.2824E+02  0.2824E+02  0.2825E+02  0.2825E+02
  0.2827E+02  0.2829E+02  0.2832E+02  0.2835E+02  0.2838E+02  0.2843E+02  0.2848E+02
  0.2854E+02  0.2861E+02  0.2869E+02  0.2878E+02  0.2889E+02  0.2900E+02  0.2914E+02
  0.2928E+02  0.2944E+02  0.2962E+02  0.2981E+02  0.3002E+02  0.3024E+02  0.3048E+02
  0.3072E+02  0.3096E+02  0.3122E+02  0.3153E+02  0.3191E+02  0.3242E+02  0.3335E+02
  0.3461E+02  0.3629E+02  0.3849E+02  0.4122E+02  0.4592E+02  0.5290E+02  0.6229E+02
  0.7261E+02  0.8052E+02
  0.8529E+02  0.7970E+02  0.7124E+02  0.6268E+02  0.5592E+02  0.5119E+02  0.4838E+02
  0.4608E+02  0.4430E+02  0.4294E+02  0.4193E+02  0.4137E+02  0.4095E+02  0.4061E+02
  0.4032E+02  0.4005E+02  0.3979E+02  0.3953E+02  0.3929E+02  0.3906E+02  0.3885E+02
  0.3866E+02  0.3848E+02  0.3832E+02  0.3817E+02  0.3804E+02  0.3793E+02  0.3784E+02
  0.3776E+02  0.3770E+02  0.3765E+02  0.3761E+02  0.3759E+02  0.3757E+02  0.3756E+02
  0.3755E+02  0.3755E+02  0.3755E+02  0.3755E+02  0.3755E+02  0.3754E+02  0.3753E+02
  0.3752E+02  0.3750E+02  0.3748E+02  0.3745E+02  0.3742E+02  0.3739E+02  0.3736E+02
  0.3732E+02  0.3729E+02  0.3726E+02  0.3723E+02  0.3720E+02  0.3718E+02  0.3716E+02
  0.3714E+02  0.3713E+02  0.3713E+02  0.3713E+02  0.3713E+02  0.3714E+02  0.3716E+02
  0.3718E+02  0.3722E+02  0.3725E+02  0.3729E+02  0.3735E+02  0.3740E+02  0.3747E+02
  0.3755E+02  0.3763E+02  0.3773E+02  0.3784E+02  0.3796E+02  0.3810E+02  0.3825E+02
  0.3842E+02  0.3861E+02  0.3881E+02  0.3903E+02  0.3927E+02  0.3952E+02  0.3978E+02
  0.4006E+02  0.4034E+02  0.4063E+02  0.4098E+02  0.4141E+02  0.4200E+02  0.4302E+02
  0.4441E+02  0.4620E+02  0.4851E+02  0.5132E+02  0.5602E+02  0.6274E+02  0.7125E+02
  0.7968E+02  0.8526E+02
  0.8800E+02  0.8336E+02  0.7573E+02  0.6759E+02  0.6093E+02  0.5618E+02  0.5332E+02
  0.5095E+02  0.4910E+02  0.4767E+02  0.4660E+02  0.4599E+02  0.4554E+02  0.4516E+02
  0.4486E+02  0.4456E+02  0.4428E+02  0.4400E+02  0.4374E+02  0.4350E+02  0.4327E+02
  0.4305E+02  0.4286E+02  0.4268E+02  0.4252E+02  0.4238E+02  0.4225E+02  0.4215E+02
  0.4205E+02  0.4198E+02  0.4192E+02  0.4187E+02  0.4183E+02  0.4180E+02  0.4178E+02
  0.4177E+02  0.4176E+02  0.4175E+02  0.4174E+02  0.4173E+02  0.4172E+02  0.4171E+02
  0.4169E+02  0.4167E+02  0.4164E+02  0.4161E+02  0.4158E+02  0.4155E+02  0.4152E+02
  0.4148E+02  0.4145E+02  0.4142E+02  0.4139E+02  0.4137E+02  0.4135E+02  0.4133E+02
  0.4132E+02  0.4131E+02  0.4131E+02  0.4132E+02  0.4133E+02  0.4135E+02  0.4137E+02
  0.4140E+02  0.4144E+02  0.4148E+02  0.4154E+02  0.4160E+02  0.4167E+02  0.4174E+02
  0.4183E+02  0.4193E+02  0.4204E+02  0.4216E+02  0.4230E+02  0.4245E+02  0.4262E+02
  0.4281E+02  0.4301E+02  0.4323E+02  0.4347E+02  0.4372E+02  0.4399E+02  0.4427E+02
  0.4457E+02  0.4487E+02  0.4519E+02  0.4557E+02  0.4603E+02  0.4666E+02  0.4774E+02
  0.4920E+02  0.5106E+02  0.5344E+02  0.5631E+02  0.6103E+02  0.6764E+02  0.7574E+02
  0.8334E+02  0.8797E+02
