TITLE STARTING_MODEL_RMS=      19.8986
NY  100
  80000.0000  70000.0000  50000.0000  30000.0000  20000.0000  10000.0000   8000.0000
   7000.0000   5000.0000   5000.0000   3000.0000   2000.0000   2000.0000   1500.0000
   1500.0000   1500.0000   1500.0000   1500.0000   1500.0000   1500.0000   1500.0000
   1500.0000   1500.0000   1500.0000   1500.0000   1500.0000   1500.0000   1500.0000
   1500.0000   1500.0000   1500.0000   1500.0000   1500.0000   1500.0000   1500.0000
   1500.0000   1500.0000   1500.0000   1500.0000   1500.0000   1500.0000   1500.0000
   1500.0000   1500.0000   1500.0000   1500.0000   1500.0000   1500.0000   1500.0000
   1500.0000   1500.0000   1500.0000   1500.0000   1500.0000   1500.0000   1500.0000
   1500.0000   1500.0000   1500.0000   1500.0000   1500.0000   1500.0000   1500.0000
   1500.0000   1500.0000   1500.0000   1500.0000   1500.0000   1500.0000   1500.0000
   1500.0000   1500.0000   1500.0000   1500.0000   1500.0000   1500.0000   1500.0000
   1500.0000   1500.0000   1500.0000   1500.0000   1500.0000   1500.0000   1500.0000
   1500.0000   1500.0000   1500.0000   2000.0000   2000.0000   3000.0000   5000.0000
   5000.0000   7000.0000   8000.0000  10000.0000  20000.0000  30000.0000  50000.0000
  70000.0000  80000.0000
NZB  31
     10.0000     30.0000     60.0000    100.0000    200.0000    300.0000    500.0000
    800.0000   1000.0000   2000.0000   2000.0000   3000.0000   3000.0000   3000.0000
   4000.0000   4000.0000   5000.0000   5000.0000   8000.0000   8000.0000  10000.0000
  10000.0000  20000.0000  30000.0000  40000.0000  40000.0000  50000.0000  70000.0000
  70000.0000  80000.0000  80000.0000
NZA  10
     10.0000     30.0000    100.0000    300.0000   1000.0000   3000.0000  10000.0000
  30000.0000 100000.0000 300000.0000
RESISTIVITY_MODEL 
  0.1000E+03  0.1000E+03  0.1000E+03  0.1000E+03  0.1000E+03  0.1000E+03  0.1000E+03
  0.1000E+03  0.1000E+03  0.1000E+03  0.1000E+03  0.1000E+03  0.1000E+03  0.1000E+03
  0.1000E+03  0.1000E+03  0.1000E+03  0.1000E+03  0.1000E+03  0.1000E+03  0.1000E+03
  0.1000E+03  0.1000E+03  0.1000E+03  0.1000E+03  0.1000E+03  0.1000E+03  0.1000E+03
  0.1000E+03  0.1000E+03  0.1000E+03  0.1000E+03  0.1000E+03  0.1000E+03  0.1000E+03
  0.1000E+03  0.1000E+03  0.1000E+03  0.1000E+03  0.1000E+03  0.1000E+03  0.1000E+03
  0.1000E+03  0.1000E+03  0.1000E+03  0.1000E+03  0.1000E+03  0.1000E+03  0.1000E+03
  0.1000E+03  0.1000E+03  0.1000E+03  0.1000E+03  0.1000E+03  0.1000E+03  0.1000E+03
  0.1000E+03  0.1000E+03  0.1000E+03  0.1000E+03  0.1000E+03  0.1000E+03  0.1000E+03
  0.1000E+03  0.1000E+03  0.1000E+03  0.1000E+03  0.1000E+03  0.1000E+03  0.1000E+03
  0.1000E+03  0.1000E+03  0.1000E+03  0.1000E+03  0.1000E+03  0.1000E+03  0.1000E+03
  0.1000E+03  0.1000E+03  0.1000E+03  0.1000E+03  0.1000E+03  0.1000E+03  0.1000E+03
  0.1000E+03  0.1000E+03  0.1000E+03  0.1000E+03  0.1000E+03  0.1000E+03  0.1000E+03
  0.1000E+03  0.1000E+03  0.1000E+03  0.1000E+03  0.1000E+03  0.1000E+03  0.1000E+03
  0.1000E+03  0.1000E+03
  0.1000E+03  0.1000E+03  0.1000E+03  0.1000E+03  0.1000E+03  0.1000E+03  0.1000E+03
  0.1000E+03  0.1000E+03  0.1000E+03  0.1000E+03  0.1000E+03  0.1000E+03  0.1000E+03
  0.1000E+03  0.1000E+03  0.1000E+03  0.1000E+03  0.1000E+03  0.1000E+03  0.1000E+03
  0.1000E+03  0.1000E+03  0.1000E+03  0.1000E+03  0.1000E+03  0.1000E+03  0.1000E+03
  0.1000E+03  0.1000E+03  0.1000E+03  0.1000E+03  0.1000E+03  0.1000E+03  0.1000E+03
  0.1000E+03  0.1000E+03  0.1000E+03  0.1000E+03  0.1000E+03  0.1000E+03  0.1000E+03
  0.1000E+03  0.1000E+03  0.1000E+03  0.1000E+03  0.1000E+03  0.1000E+03  0.1000E+03
  0.1000E+03  0.1000E+03  0.1000E+03  0.1000E+03  0.1000E+03  0.1000E+03  0.1000E+03
  0.1000E+03  0.1000E+03  0.1000E+03  0.1000E+03  0.1000E+03  0.1000E+03  0.1000E+03
  0.1000E+03  0.1000E+03  0.1000E+03  0.1000E+03  0.1000E+03  0.1000E+03  0.1000E+03
  0.1000E+03  0.1000E+03  0.1000E+03  0.1000E+03  0.1000E+03  0.1000E+03  0.1000E+03
  0.1000E+03  0.1000E+03  0.1000E+03  0.1000E+03  0.1000E+03  0.1000E+03  0.1000E+03
  0.1000E+03  0.1000E+03  0.1000E+03  0.1000E+03  0.1000E+03  0.1000E+03  0.1000E+03
  0.1000E+03  0.1000E+03  0.1000E+03  0.1000E+03  0.1000E+03  0.1000E+03  0.1000E+03
  0.1000E+03  0.1000E+03
  0.1000E+03  0.1000E+03  0.1000E+03  0.1000E+03  0.1000E+03  0.1000E+03  0.1000E+03
  0.1000E+03  0.1000E+03  0.1000E+03  0.1000E+03  0.1000E+03  0.1000E+03  0.1000E+03
  0.1000E+03  0.1000E+03  0.1000E+03  0.1000E+03  0.1000E+03  0.1000E+03  0.1000E+03
  0.1000E+03  0.1000E+03  0.1000E+03  0.1000E+03  0.1000E+03  0.1000E+03  0.1000E+03
  0.1000E+03  0.1000E+03  0.1000E+03  0.1000E+03  0.1000E+03  0.1000E+03  0.1000E+03
  0.1000E+03  0.1000E+03  0.1000E+03  0.1000E+03  0.1000E+03  0.1000E+03  0.1000E+03
  0.1000E+03  0.1000E+03  0.1000E+03  0.1000E+03  0.1000E+03  0.1000E+03  0.1000E+03
  0.1000E+03  0.1000E+03  0.1000E+03  0.1000E+03  0.1000E+03  0.1000E+03  0.1000E+03
  0.1000E+03  0.1000E+03  0.1000E+03  0.1000E+03  0.1000E+03  0.1000E+03  0.1000E+03
  0.1000E+03  0.1000E+03  0.1000E+03  0.1000E+03  0.1000E+03  0.1000E+03  0.1000E+03
  0.1000E+03  0.1000E+03  0.1000E+03  0.1000E+03  0.1000E+03  0.1000E+03  0.1000E+03
  0.1000E+03  0.1000E+03  0.1000E+03  0.1000E+03  0.1000E+03  0.1000E+03  0.1000E+03
  0.1000E+03  0.1000E+03  0.1000E+03  0.1000E+03  0.1000E+03  0.1000E+03  0.1000E+03
  0.1000E+03  0.1000E+03  0.1000E+03  0.1000E+03  0.1000E+03  0.1000E+03  0.1000E+03
  0.1000E+03  0.1000E+03
  0.1000E+03  0.1000E+03  0.1000E+03  0.1000E+03  0.1000E+03  0.1000E+03  0.1000E+03
  0.1000E+03  0.1000E+03  0.1000E+03  0.1000E+03  0.1000E+03  0.1000E+03  0.1000E+03
  0.1000E+03  0.1000E+03  0.1000E+03  0.1000E+03  0.1000E+03  0.1000E+03  0.1000E+03
  0.1000E+03  0.1000E+03  0.1000E+03  0.1000E+03  0.1000E+03  0.1000E+03  0.1000E+03
  0.1000E+03  0.1000E+03  0.1000E+03  0.1000E+03  0.1000E+03  0.1000E+03  0.1000E+03
  0.1000E+03  0.1000E+03  0.1000E+03  0.1000E+03  0.1000E+03  0.1000E+03  0.1000E+03
  0.1000E+03  0.1000E+03  0.1000E+03  0.1000E+03  0.1000E+03  0.1000E+03  0.1000E+03
  0.1000E+03  0.1000E+03  0.1000E+03  0.1000E+03  0.1000E+03  0.1000E+03  0.1000E+03
  0.1000E+03  0.1000E+03  0.1000E+03  0.1000E+03  0.1000E+03  0.1000E+03  0.1000E+03
  0.1000E+03  0.1000E+03  0.1000E+03  0.1000E+03  0.1000E+03  0.1000E+03  0.1000E+03
  0.1000E+03  0.1000E+03  0.1000E+03  0.1000E+03  0.1000E+03  0.1000E+03  0.1000E+03
  0.1000E+03  0.1000E+03  0.1000E+03  0.1000E+03  0.1000E+03  0.1000E+03  0.1000E+03
  0.1000E+03  0.1000E+03  0.1000E+03  0.1000E+03  0.1000E+03  0.1000E+03  0.1000E+03
  0.1000E+03  0.1000E+03  0.1000E+03  0.1000E+03  0.1000E+03  0.1000E+03  0.1000E+03
  0.1000E+03  0.1000E+03
  0.1000E+03  0.1000E+03  0.1000E+03  0.1000E+03  0.1000E+03  0.1000E+03  0.1000E+03
  0.1000E+03  0.1000E+03  0.1000E+03  0.1000E+03  0.1000E+03  0.1000E+03  0.1000E+03
  0.1000E+03  0.1000E+03  0.1000E+03  0.1000E+03  0.1000E+03  0.1000E+03  0.1000E+03
  0.1000E+03  0.1000E+03  0.1000E+03  0.1000E+03  0.1000E+03  0.1000E+03  0.1000E+03
  0.1000E+03  0.1000E+03  0.1000E+03  0.1000E+03  0.1000E+03  0.1000E+03  0.1000E+03
  0.1000E+03  0.1000E+03  0.1000E+03  0.1000E+03  0.1000E+03  0.1000E+03  0.1000E+03
  0.1000E+03  0.1000E+03  0.1000E+03  0.1000E+03  0.1000E+03  0.1000E+03  0.1000E+03
  0.1000E+03  0.1000E+03  0.1000E+03  0.1000E+03  0.1000E+03  0.1000E+03  0.1000E+03
  0.1000E+03  0.1000E+03  0.1000E+03  0.1000E+03  0.1000E+03  0.1000E+03  0.1000E+03
  0.1000E+03  0.1000E+03  0.1000E+03  0.1000E+03  0.1000E+03  0.1000E+03  0.1000E+03
  0.1000E+03  0.1000E+03  0.1000E+03  0.1000E+03  0.1000E+03  0.1000E+03  0.1000E+03
  0.1000E+03  0.1000E+03  0.1000E+03  0.1000E+03  0.1000E+03  0.1000E+03  0.1000E+03
  0.1000E+03  0.1000E+03  0.1000E+03  0.1000E+03  0.1000E+03  0.1000E+03  0.1000E+03
  0.1000E+03  0.1000E+03  0.1000E+03  0.1000E+03  0.1000E+03  0.1000E+03  0.1000E+03
  0.1000E+03  0.1000E+03
  0.1000E+03  0.1000E+03  0.1000E+03  0.1000E+03  0.1000E+03  0.1000E+03  0.1000E+03
  0.1000E+03  0.1000E+03  0.1000E+03  0.1000E+03  0.1000E+03  0.1000E+03  0.1000E+03
  0.1000E+03  0.1000E+03  0.1000E+03  0.1000E+03  0.1000E+03  0.1000E+03  0.1000E+03
  0.1000E+03  0.1000E+03  0.1000E+03  0.1000E+03  0.1000E+03  0.1000E+03  0.1000E+03
  0.1000E+03  0.1000E+03  0.1000E+03  0.1000E+03  0.1000E+03  0.1000E+03  0.1000E+03
  0.1000E+03  0.1000E+03  0.1000E+03  0.1000E+03  0.1000E+03  0.1000E+03  0.1000E+03
  0.1000E+03  0.1000E+03  0.1000E+03  0.1000E+03  0.1000E+03  0.1000E+03  0.1000E+03
  0.1000E+03  0.1000E+03  0.1000E+03  0.1000E+03  0.1000E+03  0.1000E+03  0.1000E+03
  0.1000E+03  0.1000E+03  0.1000E+03  0.1000E+03  0.1000E+03  0.1000E+03  0.1000E+03
  0.1000E+03  0.1000E+03  0.1000E+03  0.1000E+03  0.1000E+03  0.1000E+03  0.1000E+03
  0.1000E+03  0.1000E+03  0.1000E+03  0.1000E+03  0.1000E+03  0.1000E+03  0.1000E+03
  0.1000E+03  0.1000E+03  0.1000E+03  0.1000E+03  0.1000E+03  0.1000E+03  0.1000E+03
  0.1000E+03  0.1000E+03  0.1000E+03  0.1000E+03  0.1000E+03  0.1000E+03  0.1000E+03
  0.1000E+03  0.1000E+03  0.1000E+03  0.1000E+03  0.1000E+03  0.1000E+03  0.1000E+03
  0.1000E+03  0.1000E+03
  0.1000E+03  0.1000E+03  0.1000E+03  0.1000E+03  0.1000E+03  0.1000E+03  0.1000E+03
  0.1000E+03  0.1000E+03  0.1000E+03  0.1000E+03  0.1000E+03  0.1000E+03  0.1000E+03
  0.1000E+03  0.1000E+03  0.1000E+03  0.1000E+03  0.1000E+03  0.1000E+03  0.1000E+03
  0.1000E+03  0.1000E+03  0.1000E+03  0.1000E+03  0.1000E+03  0.1000E+03  0.1000E+03
  0.1000E+03  0.1000E+03  0.1000E+03  0.1000E+03  0.1000E+03  0.1000E+03  0.1000E+03
  0.1000E+03  0.1000E+03  0.1000E+03  0.1000E+03  0.1000E+03  0.1000E+03  0.1000E+03
  0.1000E+03  0.1000E+03  0.1000E+03  0.1000E+03  0.1000E+03  0.1000E+03  0.1000E+03
  0.1000E+03  0.1000E+03  0.1000E+03  0.1000E+03  0.1000E+03  0.1000E+03  0.1000E+03
  0.1000E+03  0.1000E+03  0.1000E+03  0.1000E+03  0.1000E+03  0.1000E+03  0.1000E+03
  0.1000E+03  0.1000E+03  0.1000E+03  0.1000E+03  0.1000E+03  0.1000E+03  0.1000E+03
  0.1000E+03  0.1000E+03  0.1000E+03  0.1000E+03  0.1000E+03  0.1000E+03  0.1000E+03
  0.1000E+03  0.1000E+03  0.1000E+03  0.1000E+03  0.1000E+03  0.1000E+03  0.1000E+03
  0.1000E+03  0.1000E+03  0.1000E+03  0.1000E+03  0.1000E+03  0.1000E+03  0.1000E+03
  0.1000E+03  0.1000E+03  0.1000E+03  0.1000E+03  0.1000E+03  0.1000E+03  0.1000E+03
  0.1000E+03  0.1000E+03
  0.1000E+03  0.1000E+03  0.1000E+03  0.1000E+03  0.1000E+03  0.1000E+03  0.1000E+03
  0.1000E+03  0.1000E+03  0.1000E+03  0.1000E+03  0.1000E+03  0.1000E+03  0.1000E+03
  0.1000E+03  0.1000E+03  0.1000E+03  0.1000E+03  0.1000E+03  0.1000E+03  0.1000E+03
  0.1000E+03  0.1000E+03  0.1000E+03  0.1000E+03  0.1000E+03  0.1000E+03  0.1000E+03
  0.1000E+03  0.1000E+03  0.1000E+03  0.1000E+03  0.1000E+03  0.1000E+03  0.1000E+03
  0.1000E+03  0.1000E+03  0.1000E+03  0.1000E+03  0.1000E+03  0.1000E+03  0.1000E+03
  0.1000E+03  0.1000E+03  0.1000E+03  0.1000E+03  0.1000E+03  0.1000E+03  0.1000E+03
  0.1000E+03  0.1000E+03  0.1000E+03  0.1000E+03  0.1000E+03  0.1000E+03  0.1000E+03
  0.1000E+03  0.1000E+03  0.1000E+03  0.1000E+03  0.1000E+03  0.1000E+03  0.1000E+03
  0.1000E+03  0.1000E+03  0.1000E+03  0.1000E+03  0.1000E+03  0.1000E+03  0.1000E+03
  0.1000E+03  0.1000E+03  0.1000E+03  0.1000E+03  0.1000E+03  0.1000E+03  0.1000E+03
  0.1000E+03  0.1000E+03  0.1000E+03  0.1000E+03  0.1000E+03  0.1000E+03  0.1000E+03
  0.1000E+03  0.1000E+03  0.1000E+03  0.1000E+03  0.1000E+03  0.1000E+03  0.1000E+03
  0.1000E+03  0.1000E+03  0.1000E+03  0.1000E+03  0.1000E+03  0.1000E+03  0.1000E+03
  0.1000E+03  0.1000E+03
  0.1000E+03  0.1000E+03  0.1000E+03  0.1000E+03  0.1000E+03  0.1000E+03  0.1000E+03
  0.1000E+03  0.1000E+03  0.1000E+03  0.1000E+03  0.1000E+03  0.1000E+03  0.1000E+03
  0.1000E+03  0.1000E+03  0.1000E+03  0.1000E+03  0.1000E+03  0.1000E+03  0.1000E+03
  0.1000E+03  0.1000E+03  0.1000E+03  0.1000E+03  0.1000E+03  0.1000E+03  0.1000E+03
  0.1000E+03  0.1000E+03  0.1000E+03  0.1000E+03  0.1000E+03  0.1000E+03  0.1000E+03
  0.1000E+03  0.1000E+03  0.1000E+03  0.1000E+03  0.1000E+03  0.1000E+03  0.1000E+03
  0.1000E+03  0.1000E+03  0.1000E+03  0.1000E+03  0.1000E+03  0.1000E+03  0.1000E+03
  0.1000E+03  0.1000E+03  0.1000E+03  0.1000E+03  0.1000E+03  0.1000E+03  0.1000E+03
  0.1000E+03  0.1000E+03  0.1000E+03  0.1000E+03  0.1000E+03  0.1000E+03  0.1000E+03
  0.1000E+03  0.1000E+03  0.1000E+03  0.1000E+03  0.1000E+03  0.1000E+03  0.1000E+03
  0.1000E+03  0.1000E+03  0.1000E+03  0.1000E+03  0.1000E+03  0.1000E+03  0.1000E+03
  0.1000E+03  0.1000E+03  0.1000E+03  0.1000E+03  0.1000E+03  0.1000E+03  0.1000E+03
  0.1000E+03  0.1000E+03  0.1000E+03  0.1000E+03  0.1000E+03  0.1000E+03  0.1000E+03
  0.1000E+03  0.1000E+03  0.1000E+03  0.1000E+03  0.1000E+03  0.1000E+03  0.1000E+03
  0.1000E+03  0.1000E+03
  0.1000E+03  0.1000E+03  0.1000E+03  0.1000E+03  0.1000E+03  0.1000E+03  0.1000E+03
  0.1000E+03  0.1000E+03  0.1000E+03  0.1000E+03  0.1000E+03  0.1000E+03  0.1000E+03
  0.1000E+03  0.1000E+03  0.1000E+03  0.1000E+03  0.1000E+03  0.1000E+03  0.1000E+03
  0.1000E+03  0.1000E+03  0.1000E+03  0.1000E+03  0.1000E+03  0.1000E+03  0.1000E+03
  0.1000E+03  0.1000E+03  0.1000E+03  0.1000E+03  0.1000E+03  0.1000E+03  0.1000E+03
  0.1000E+03  0.1000E+03  0.1000E+03  0.1000E+03  0.1000E+03  0.1000E+03  0.1000E+03
  0.1000E+03  0.1000E+03  0.1000E+03  0.1000E+03  0.1000E+03  0.1000E+03  0.1000E+03
  0.1000E+03  0.1000E+03  0.1000E+03  0.1000E+03  0.1000E+03  0.1000E+03  0.1000E+03
  0.1000E+03  0.1000E+03  0.1000E+03  0.1000E+03  0.1000E+03  0.1000E+03  0.1000E+03
  0.1000E+03  0.1000E+03  0.1000E+03  0.1000E+03  0.1000E+03  0.1000E+03  0.1000E+03
  0.1000E+03  0.1000E+03  0.1000E+03  0.1000E+03  0.1000E+03  0.1000E+03  0.1000E+03
  0.1000E+03  0.1000E+03  0.1000E+03  0.1000E+03  0.1000E+03  0.1000E+03  0.1000E+03
  0.1000E+03  0.1000E+03  0.1000E+03  0.1000E+03  0.1000E+03  0.1000E+03  0.1000E+03
  0.1000E+03  0.1000E+03  0.1000E+03  0.1000E+03  0.1000E+03  0.1000E+03  0.1000E+03
  0.1000E+03  0.1000E+03
  0.1000E+03  0.1000E+03  0.1000E+03  0.1000E+03  0.1000E+03  0.1000E+03  0.1000E+03
  0.1000E+03  0.1000E+03  0.1000E+03  0.1000E+03  0.1000E+03  0.1000E+03  0.1000E+03
  0.1000E+03  0.1000E+03  0.1000E+03  0.1000E+03  0.1000E+03  0.1000E+03  0.1000E+03
  0.1000E+03  0.1000E+03  0.1000E+03  0.1000E+03  0.1000E+03  0.1000E+03  0.1000E+03
  0.1000E+03  0.1000E+03  0.1000E+03  0.1000E+03  0.1000E+03  0.1000E+03  0.1000E+03
  0.1000E+03  0.1000E+03  0.1000E+03  0.1000E+03  0.1000E+03  0.1000E+03  0.1000E+03
  0.1000E+03  0.1000E+03  0.1000E+03  0.1000E+03  0.1000E+03  0.1000E+03  0.1000E+03
  0.1000E+03  0.1000E+03  0.1000E+03  0.1000E+03  0.1000E+03  0.1000E+03  0.1000E+03
  0.1000E+03  0.1000E+03  0.1000E+03  0.1000E+03  0.1000E+03  0.1000E+03  0.1000E+03
  0.1000E+03  0.1000E+03  0.1000E+03  0.1000E+03  0.1000E+03  0.1000E+03  0.1000E+03
  0.1000E+03  0.1000E+03  0.1000E+03  0.1000E+03  0.1000E+03  0.1000E+03  0.1000E+03
  0.1000E+03  0.1000E+03  0.1000E+03  0.1000E+03  0.1000E+03  0.1000E+03  0.1000E+03
  0.1000E+03  0.1000E+03  0.1000E+03  0.1000E+03  0.1000E+03  0.1000E+03  0.1000E+03
  0.1000E+03  0.1000E+03  0.1000E+03  0.1000E+03  0.1000E+03  0.1000E+03  0.1000E+03
  0.1000E+03  0.1000E+03
  0.1000E+03  0.1000E+03  0.1000E+03  0.1000E+03  0.1000E+03  0.1000E+03  0.1000E+03
  0.1000E+03  0.1000E+03  0.1000E+03  0.1000E+03  0.1000E+03  0.1000E+03  0.1000E+03
  0.1000E+03  0.1000E+03  0.1000E+03  0.1000E+03  0.1000E+03  0.1000E+03  0.1000E+03
  0.1000E+03  0.1000E+03  0.1000E+03  0.1000E+03  0.1000E+03  0.1000E+03  0.1000E+03
  0.1000E+03  0.1000E+03  0.1000E+03  0.1000E+03  0.1000E+03  0.1000E+03  0.1000E+03
  0.1000E+03  0.1000E+03  0.1000E+03  0.1000E+03  0.1000E+03  0.1000E+03  0.1000E+03
  0.1000E+03  0.1000E+03  0.1000E+03  0.1000E+03  0.1000E+03  0.1000E+03  0.1000E+03
  0.1000E+03  0.1000E+03  0.1000E+03  0.1000E+03  0.1000E+03  0.1000E+03  0.1000E+03
  0.1000E+03  0.1000E+03  0.1000E+03  0.1000E+03  0.1000E+03  0.1000E+03  0.1000E+03
  0.1000E+03  0.1000E+03  0.1000E+03  0.1000E+03  0.1000E+03  0.1000E+03  0.1000E+03
  0.1000E+03  0.1000E+03  0.1000E+03  0.1000E+03  0.1000E+03  0.1000E+03  0.1000E+03
  0.1000E+03  0.1000E+03  0.1000E+03  0.1000E+03  0.1000E+03  0.1000E+03  0.1000E+03
  0.1000E+03  0.1000E+03  0.1000E+03  0.1000E+03  0.1000E+03  0.1000E+03  0.1000E+03
  0.1000E+03  0.1000E+03  0.1000E+03  0.1000E+03  0.1000E+03  0.1000E+03  0.1000E+03
  0.1000E+03  0.1000E+03
  0.1000E+03  0.1000E+03  0.1000E+03  0.1000E+03  0.1000E+03  0.1000E+03  0.1000E+03
  0.1000E+03  0.1000E+03  0.1000E+03  0.1000E+03  0.1000E+03  0.1000E+03  0.1000E+03
  0.1000E+03  0.1000E+03  0.1000E+03  0.1000E+03  0.1000E+03  0.1000E+03  0.1000E+03
  0.1000E+03  0.1000E+03  0.1000E+03  0.1000E+03  0.1000E+03  0.1000E+03  0.1000E+03
  0.1000E+03  0.1000E+03  0.1000E+03  0.1000E+03  0.1000E+03  0.1000E+03  0.1000E+03
  0.1000E+03  0.1000E+03  0.1000E+03  0.1000E+03  0.1000E+03  0.1000E+03  0.1000E+03
  0.1000E+03  0.1000E+03  0.1000E+03  0.1000E+03  0.1000E+03  0.1000E+03  0.1000E+03
  0.1000E+03  0.1000E+03  0.1000E+03  0.1000E+03  0.1000E+03  0.1000E+03  0.1000E+03
  0.1000E+03  0.1000E+03  0.1000E+03  0.1000E+03  0.1000E+03  0.1000E+03  0.1000E+03
  0.1000E+03  0.1000E+03  0.1000E+03  0.1000E+03  0.1000E+03  0.1000E+03  0.1000E+03
  0.1000E+03  0.1000E+03  0.1000E+03  0.1000E+03  0.1000E+03  0.1000E+03  0.1000E+03
  0.1000E+03  0.1000E+03  0.1000E+03  0.1000E+03  0.1000E+03  0.1000E+03  0.1000E+03
  0.1000E+03  0.1000E+03  0.1000E+03  0.1000E+03  0.1000E+03  0.1000E+03  0.1000E+03
  0.1000E+03  0.1000E+03  0.1000E+03  0.1000E+03  0.1000E+03  0.1000E+03  0.1000E+03
  0.1000E+03  0.1000E+03
  0.1000E+03  0.1000E+03  0.1000E+03  0.1000E+03  0.1000E+03  0.1000E+03  0.1000E+03
  0.1000E+03  0.1000E+03  0.1000E+03  0.1000E+03  0.1000E+03  0.1000E+03  0.1000E+03
  0.1000E+03  0.1000E+03  0.1000E+03  0.1000E+03  0.1000E+03  0.1000E+03  0.1000E+03
  0.1000E+03  0.1000E+03  0.1000E+03  0.1000E+03  0.1000E+03  0.1000E+03  0.1000E+03
  0.1000E+03  0.1000E+03  0.1000E+03  0.1000E+03  0.1000E+03  0.1000E+03  0.1000E+03
  0.1000E+03  0.1000E+03  0.1000E+03  0.1000E+03  0.1000E+03  0.1000E+03  0.1000E+03
  0.1000E+03  0.1000E+03  0.1000E+03  0.1000E+03  0.1000E+03  0.1000E+03  0.1000E+03
  0.1000E+03  0.1000E+03  0.1000E+03  0.1000E+03  0.1000E+03  0.1000E+03  0.1000E+03
  0.1000E+03  0.1000E+03  0.1000E+03  0.1000E+03  0.1000E+03  0.1000E+03  0.1000E+03
  0.1000E+03  0.1000E+03  0.1000E+03  0.1000E+03  0.1000E+03  0.1000E+03  0.1000E+03
  0.1000E+03  0.1000E+03  0.1000E+03  0.1000E+03  0.1000E+03  0.1000E+03  0.1000E+03
  0.1000E+03  0.1000E+03  0.1000E+03  0.1000E+03  0.1000E+03  0.1000E+03  0.1000E+03
  0.1000E+03  0.1000E+03  0.1000E+03  0.1000E+03  0.1000E+03  0.1000E+03  0.1000E+03
  0.1000E+03  0.1000E+03  0.1000E+03  0.1000E+03  0.1000E+03  0.1000E+03  0.1000E+03
  0.1000E+03  0.1000E+03
  0.1000E+03  0.1000E+03  0.1000E+03  0.1000E+03  0.1000E+03  0.1000E+03  0.1000E+03
  0.1000E+03  0.1000E+03  0.1000E+03  0.1000E+03  0.1000E+03  0.1000E+03  0.1000E+03
  0.1000E+03  0.1000E+03  0.1000E+03  0.1000E+03  0.1000E+03  0.1000E+03  0.1000E+03
  0.1000E+03  0.1000E+03  0.1000E+03  0.1000E+03  0.1000E+03  0.1000E+03  0.1000E+03
  0.1000E+03  0.1000E+03  0.1000E+03  0.1000E+03  0.1000E+03  0.1000E+03  0.1000E+03
  0.1000E+03  0.1000E+03  0.1000E+03  0.1000E+03  0.1000E+03  0.1000E+03  0.1000E+03
  0.1000E+03  0.1000E+03  0.1000E+03  0.1000E+03  0.1000E+03  0.1000E+03  0.1000E+03
  0.1000E+03  0.1000E+03  0.1000E+03  0.1000E+03  0.1000E+03  0.1000E+03  0.1000E+03
  0.1000E+03  0.1000E+03  0.1000E+03  0.1000E+03  0.1000E+03  0.1000E+03  0.1000E+03
  0.1000E+03  0.1000E+03  0.1000E+03  0.1000E+03  0.1000E+03  0.1000E+03  0.1000E+03
  0.1000E+03  0.1000E+03  0.1000E+03  0.1000E+03  0.1000E+03  0.1000E+03  0.1000E+03
  0.1000E+03  0.1000E+03  0.1000E+03  0.1000E+03  0.1000E+03  0.1000E+03  0.1000E+03
  0.1000E+03  0.1000E+03  0.1000E+03  0.1000E+03  0.1000E+03  0.1000E+03  0.1000E+03
  0.1000E+03  0.1000E+03  0.1000E+03  0.1000E+03  0.1000E+03  0.1000E+03  0.1000E+03
  0.1000E+03  0.1000E+03
  0.1000E+03  0.1000E+03  0.1000E+03  0.1000E+03  0.1000E+03  0.1000E+03  0.1000E+03
  0.1000E+03  0.1000E+03  0.1000E+03  0.1000E+03  0.1000E+03  0.1000E+03  0.1000E+03
  0.1000E+03  0.1000E+03  0.1000E+03  0.1000E+03  0.1000E+03  0.1000E+03  0.1000E+03
  0.1000E+03  0.1000E+03  0.1000E+03  0.1000E+03  0.1000E+03  0.1000E+03  0.1000E+03
  0.1000E+03  0.1000E+03  0.1000E+03  0.1000E+03  0.1000E+03  0.1000E+03  0.1000E+03
  0.1000E+03  0.1000E+03  0.1000E+03  0.1000E+03  0.1000E+03  0.1000E+03  0.1000E+03
  0.1000E+03  0.1000E+03  0.1000E+03  0.1000E+03  0.1000E+03  0.1000E+03  0.1000E+03
  0.1000E+03  0.1000E+03  0.1000E+03  0.1000E+03  0.1000E+03  0.1000E+03  0.1000E+03
  0.1000E+03  0.1000E+03  0.1000E+03  0.1000E+03  0.1000E+03  0.1000E+03  0.1000E+03
  0.1000E+03  0.1000E+03  0.1000E+03  0.1000E+03  0.1000E+03  0.1000E+03  0.1000E+03
  0.1000E+03  0.1000E+03  0.1000E+03  0.1000E+03  0.1000E+03  0.1000E+03  0.1000E+03
  0.1000E+03  0.1000E+03  0.1000E+03  0.1000E+03  0.1000E+03  0.1000E+03  0.1000E+03
  0.1000E+03  0.1000E+03  0.1000E+03  0.1000E+03  0.1000E+03  0.1000E+03  0.1000E+03
  0.1000E+03  0.1000E+03  0.1000E+03  0.1000E+03  0.1000E+03  0.1000E+03  0.1000E+03
  0.1000E+03  0.1000E+03
  0.1000E+03  0.1000E+03  0.1000E+03  0.1000E+03  0.1000E+03  0.1000E+03  0.1000E+03
  0.1000E+03  0.1000E+03  0.1000E+03  0.1000E+03  0.1000E+03  0.1000E+03  0.1000E+03
  0.1000E+03  0.1000E+03  0.1000E+03  0.1000E+03  0.1000E+03  0.1000E+03  0.1000E+03
  0.1000E+03  0.1000E+03  0.1000E+03  0.1000E+03  0.1000E+03  0.1000E+03  0.1000E+03
  0.1000E+03  0.1000E+03  0.1000E+03  0.1000E+03  0.1000E+03  0.1000E+03  0.1000E+03
  0.1000E+03  0.1000E+03  0.1000E+03  0.1000E+03  0.1000E+03  0.1000E+03  0.1000E+03
  0.1000E+03  0.1000E+03  0.1000E+03  0.1000E+03  0.1000E+03  0.1000E+03  0.1000E+03
  0.1000E+03  0.1000E+03  0.1000E+03  0.1000E+03  0.1000E+03  0.1000E+03  0.1000E+03
  0.1000E+03  0.1000E+03  0.1000E+03  0.1000E+03  0.1000E+03  0.1000E+03  0.1000E+03
  0.1000E+03  0.1000E+03  0.1000E+03  0.1000E+03  0.1000E+03  0.1000E+03  0.1000E+03
  0.1000E+03  0.1000E+03  0.1000E+03  0.1000E+03  0.1000E+03  0.1000E+03  0.1000E+03
  0.1000E+03  0.1000E+03  0.1000E+03  0.1000E+03  0.1000E+03  0.1000E+03  0.1000E+03
  0.1000E+03  0.1000E+03  0.1000E+03  0.1000E+03  0.1000E+03  0.1000E+03  0.1000E+03
  0.1000E+03  0.1000E+03  0.1000E+03  0.1000E+03  0.1000E+03  0.1000E+03  0.1000E+03
  0.1000E+03  0.1000E+03
  0.1000E+03  0.1000E+03  0.1000E+03  0.1000E+03  0.1000E+03  0.1000E+03  0.1000E+03
  0.1000E+03  0.1000E+03  0.1000E+03  0.1000E+03  0.1000E+03  0.1000E+03  0.1000E+03
  0.1000E+03  0.1000E+03  0.1000E+03  0.1000E+03  0.1000E+03  0.1000E+03  0.1000E+03
  0.1000E+03  0.1000E+03  0.1000E+03  0.1000E+03  0.1000E+03  0.1000E+03  0.1000E+03
  0.1000E+03  0.1000E+03  0.1000E+03  0.1000E+03  0.1000E+03  0.1000E+03  0.1000E+03
  0.1000E+03  0.1000E+03  0.1000E+03  0.1000E+03  0.1000E+03  0.1000E+03  0.1000E+03
  0.1000E+03  0.1000E+03  0.1000E+03  0.1000E+03  0.1000E+03  0.1000E+03  0.1000E+03
  0.1000E+03  0.1000E+03  0.1000E+03  0.1000E+03  0.1000E+03  0.1000E+03  0.1000E+03
  0.1000E+03  0.1000E+03  0.1000E+03  0.1000E+03  0.1000E+03  0.1000E+03  0.1000E+03
  0.1000E+03  0.1000E+03  0.1000E+03  0.1000E+03  0.1000E+03  0.1000E+03  0.1000E+03
  0.1000E+03  0.1000E+03  0.1000E+03  0.1000E+03  0.1000E+03  0.1000E+03  0.1000E+03
  0.1000E+03  0.1000E+03  0.1000E+03  0.1000E+03  0.1000E+03  0.1000E+03  0.1000E+03
  0.1000E+03  0.1000E+03  0.1000E+03  0.1000E+03  0.1000E+03  0.1000E+03  0.1000E+03
  0.1000E+03  0.1000E+03  0.1000E+03  0.1000E+03  0.1000E+03  0.1000E+03  0.1000E+03
  0.1000E+03  0.1000E+03
  0.1000E+03  0.1000E+03  0.1000E+03  0.1000E+03  0.1000E+03  0.1000E+03  0.1000E+03
  0.1000E+03  0.1000E+03  0.1000E+03  0.1000E+03  0.1000E+03  0.1000E+03  0.1000E+03
  0.1000E+03  0.1000E+03  0.1000E+03  0.1000E+03  0.1000E+03  0.1000E+03  0.1000E+03
  0.1000E+03  0.1000E+03  0.1000E+03  0.1000E+03  0.1000E+03  0.1000E+03  0.1000E+03
  0.1000E+03  0.1000E+03  0.1000E+03  0.1000E+03  0.1000E+03  0.1000E+03  0.1000E+03
  0.1000E+03  0.1000E+03  0.1000E+03  0.1000E+03  0.1000E+03  0.1000E+03  0.1000E+03
  0.1000E+03  0.1000E+03  0.1000E+03  0.1000E+03  0.1000E+03  0.1000E+03  0.1000E+03
  0.1000E+03  0.1000E+03  0.1000E+03  0.1000E+03  0.1000E+03  0.1000E+03  0.1000E+03
  0.1000E+03  0.1000E+03  0.1000E+03  0.1000E+03  0.1000E+03  0.1000E+03  0.1000E+03
  0.1000E+03  0.1000E+03  0.1000E+03  0.1000E+03  0.1000E+03  0.1000E+03  0.1000E+03
  0.1000E+03  0.1000E+03  0.1000E+03  0.1000E+03  0.1000E+03  0.1000E+03  0.1000E+03
  0.1000E+03  0.1000E+03  0.1000E+03  0.1000E+03  0.1000E+03  0.1000E+03  0.1000E+03
  0.1000E+03  0.1000E+03  0.1000E+03  0.1000E+03  0.1000E+03  0.1000E+03  0.1000E+03
  0.1000E+03  0.1000E+03  0.1000E+03  0.1000E+03  0.1000E+03  0.1000E+03  0.1000E+03
  0.1000E+03  0.1000E+03
  0.1000E+03  0.1000E+03  0.1000E+03  0.1000E+03  0.1000E+03  0.1000E+03  0.1000E+03
  0.1000E+03  0.1000E+03  0.1000E+03  0.1000E+03  0.1000E+03  0.1000E+03  0.1000E+03
  0.1000E+03  0.1000E+03  0.1000E+03  0.1000E+03  0.1000E+03  0.1000E+03  0.1000E+03
  0.1000E+03  0.1000E+03  0.1000E+03  0.1000E+03  0.1000E+03  0.1000E+03  0.1000E+03
  0.1000E+03  0.1000E+03  0.1000E+03  0.1000E+03  0.1000E+03  0.1000E+03  0.1000E+03
  0.1000E+03  0.1000E+03  0.1000E+03  0.1000E+03  0.1000E+03  0.1000E+03  0.1000E+03
  0.1000E+03  0.1000E+03  0.1000E+03  0.1000E+03  0.1000E+03  0.1000E+03  0.1000E+03
  0.1000E+03  0.1000E+03  0.1000E+03  0.1000E+03  0.1000E+03  0.1000E+03  0.1000E+03
  0.1000E+03  0.1000E+03  0.1000E+03  0.1000E+03  0.1000E+03  0.1000E+03  0.1000E+03
  0.1000E+03  0.1000E+03  0.1000E+03  0.1000E+03  0.1000E+03  0.1000E+03  0.1000E+03
  0.1000E+03  0.1000E+03  0.1000E+03  0.1000E+03  0.1000E+03  0.1000E+03  0.1000E+03
  0.1000E+03  0.1000E+03  0.1000E+03  0.1000E+03  0.1000E+03  0.1000E+03  0.1000E+03
  0.1000E+03  0.1000E+03  0.1000E+03  0.1000E+03  0.1000E+03  0.1000E+03  0.1000E+03
  0.1000E+03  0.1000E+03  0.1000E+03  0.1000E+03  0.1000E+03  0.1000E+03  0.1000E+03
  0.1000E+03  0.1000E+03
  0.1000E+03  0.1000E+03  0.1000E+03  0.1000E+03  0.1000E+03  0.1000E+03  0.1000E+03
  0.1000E+03  0.1000E+03  0.1000E+03  0.1000E+03  0.1000E+03  0.1000E+03  0.1000E+03
  0.1000E+03  0.1000E+03  0.1000E+03  0.1000E+03  0.1000E+03  0.1000E+03  0.1000E+03
  0.1000E+03  0.1000E+03  0.1000E+03  0.1000E+03  0.1000E+03  0.1000E+03  0.1000E+03
  0.1000E+03  0.1000E+03  0.1000E+03  0.1000E+03  0.1000E+03  0.1000E+03  0.1000E+03
  0.1000E+03  0.1000E+03  0.1000E+03  0.1000E+03  0.1000E+03  0.1000E+03  0.1000E+03
  0.1000E+03  0.1000E+03  0.1000E+03  0.1000E+03  0.1000E+03  0.1000E+03  0.1000E+03
  0.1000E+03  0.1000E+03  0.1000E+03  0.1000E+03  0.1000E+03  0.1000E+03  0.1000E+03
  0.1000E+03  0.1000E+03  0.1000E+03  0.1000E+03  0.1000E+03  0.1000E+03  0.1000E+03
  0.1000E+03  0.1000E+03  0.1000E+03  0.1000E+03  0.1000E+03  0.1000E+03  0.1000E+03
  0.1000E+03  0.1000E+03  0.1000E+03  0.1000E+03  0.1000E+03  0.1000E+03  0.1000E+03
  0.1000E+03  0.1000E+03  0.1000E+03  0.1000E+03  0.1000E+03  0.1000E+03  0.1000E+03
  0.1000E+03  0.1000E+03  0.1000E+03  0.1000E+03  0.1000E+03  0.1000E+03  0.1000E+03
  0.1000E+03  0.1000E+03  0.1000E+03  0.1000E+03  0.1000E+03  0.1000E+03  0.1000E+03
  0.1000E+03  0.1000E+03
  0.1000E+03  0.1000E+03  0.1000E+03  0.1000E+03  0.1000E+03  0.1000E+03  0.1000E+03
  0.1000E+03  0.1000E+03  0.1000E+03  0.1000E+03  0.1000E+03  0.1000E+03  0.1000E+03
  0.1000E+03  0.1000E+03  0.1000E+03  0.1000E+03  0.1000E+03  0.1000E+03  0.1000E+03
  0.1000E+03  0.1000E+03  0.1000E+03  0.1000E+03  0.1000E+03  0.1000E+03  0.1000E+03
  0.1000E+03  0.1000E+03  0.1000E+03  0.1000E+03  0.1000E+03  0.1000E+03  0.1000E+03
  0.1000E+03  0.1000E+03  0.1000E+03  0.1000E+03  0.1000E+03  0.1000E+03  0.1000E+03
  0.1000E+03  0.1000E+03  0.1000E+03  0.1000E+03  0.1000E+03  0.1000E+03  0.1000E+03
  0.1000E+03  0.1000E+03  0.1000E+03  0.1000E+03  0.1000E+03  0.1000E+03  0.1000E+03
  0.1000E+03  0.1000E+03  0.1000E+03  0.1000E+03  0.1000E+03  0.1000E+03  0.1000E+03
  0.1000E+03  0.1000E+03  0.1000E+03  0.1000E+03  0.1000E+03  0.1000E+03  0.1000E+03
  0.1000E+03  0.1000E+03  0.1000E+03  0.1000E+03  0.1000E+03  0.1000E+03  0.1000E+03
  0.1000E+03  0.1000E+03  0.1000E+03  0.1000E+03  0.1000E+03  0.1000E+03  0.1000E+03
  0.1000E+03  0.1000E+03  0.1000E+03  0.1000E+03  0.1000E+03  0.1000E+03  0.1000E+03
  0.1000E+03  0.1000E+03  0.1000E+03  0.1000E+03  0.1000E+03  0.1000E+03  0.1000E+03
  0.1000E+03  0.1000E+03
  0.1000E+03  0.1000E+03  0.1000E+03  0.1000E+03  0.1000E+03  0.1000E+03  0.1000E+03
  0.1000E+03  0.1000E+03  0.1000E+03  0.1000E+03  0.1000E+03  0.1000E+03  0.1000E+03
  0.1000E+03  0.1000E+03  0.1000E+03  0.1000E+03  0.1000E+03  0.1000E+03  0.1000E+03
  0.1000E+03  0.1000E+03  0.1000E+03  0.1000E+03  0.1000E+03  0.1000E+03  0.1000E+03
  0.1000E+03  0.1000E+03  0.1000E+03  0.1000E+03  0.1000E+03  0.1000E+03  0.1000E+03
  0.1000E+03  0.1000E+03  0.1000E+03  0.1000E+03  0.1000E+03  0.1000E+03  0.1000E+03
  0.1000E+03  0.1000E+03  0.1000E+03  0.1000E+03  0.1000E+03  0.1000E+03  0.1000E+03
  0.1000E+03  0.1000E+03  0.1000E+03  0.1000E+03  0.1000E+03  0.1000E+03  0.1000E+03
  0.1000E+03  0.1000E+03  0.1000E+03  0.1000E+03  0.1000E+03  0.1000E+03  0.1000E+03
  0.1000E+03  0.1000E+03  0.1000E+03  0.1000E+03  0.1000E+03  0.1000E+03  0.1000E+03
  0.1000E+03  0.1000E+03  0.1000E+03  0.1000E+03  0.1000E+03  0.1000E+03  0.1000E+03
  0.1000E+03  0.1000E+03  0.1000E+03  0.1000E+03  0.1000E+03  0.1000E+03  0.1000E+03
  0.1000E+03  0.1000E+03  0.1000E+03  0.1000E+03  0.1000E+03  0.1000E+03  0.1000E+03
  0.1000E+03  0.1000E+03  0.1000E+03  0.1000E+03  0.1000E+03  0.1000E+03  0.1000E+03
  0.1000E+03  0.1000E+03
  0.1000E+03  0.1000E+03  0.1000E+03  0.1000E+03  0.1000E+03  0.1000E+03  0.1000E+03
  0.1000E+03  0.1000E+03  0.1000E+03  0.1000E+03  0.1000E+03  0.1000E+03  0.1000E+03
  0.1000E+03  0.1000E+03  0.1000E+03  0.1000E+03  0.1000E+03  0.1000E+03  0.1000E+03
  0.1000E+03  0.1000E+03  0.1000E+03  0.1000E+03  0.1000E+03  0.1000E+03  0.1000E+03
  0.1000E+03  0.1000E+03  0.1000E+03  0.1000E+03  0.1000E+03  0.1000E+03  0.1000E+03
  0.1000E+03  0.1000E+03  0.1000E+03  0.1000E+03  0.1000E+03  0.1000E+03  0.1000E+03
  0.1000E+03  0.1000E+03  0.1000E+03  0.1000E+03  0.1000E+03  0.1000E+03  0.1000E+03
  0.1000E+03  0.1000E+03  0.1000E+03  0.1000E+03  0.1000E+03  0.1000E+03  0.1000E+03
  0.1000E+03  0.1000E+03  0.1000E+03  0.1000E+03  0.1000E+03  0.1000E+03  0.1000E+03
  0.1000E+03  0.1000E+03  0.1000E+03  0.1000E+03  0.1000E+03  0.1000E+03  0.1000E+03
  0.1000E+03  0.1000E+03  0.1000E+03  0.1000E+03  0.1000E+03  0.1000E+03  0.1000E+03
  0.1000E+03  0.1000E+03  0.1000E+03  0.1000E+03  0.1000E+03  0.1000E+03  0.1000E+03
  0.1000E+03  0.1000E+03  0.1000E+03  0.1000E+03  0.1000E+03  0.1000E+03  0.1000E+03
  0.1000E+03  0.1000E+03  0.1000E+03  0.1000E+03  0.1000E+03  0.1000E+03  0.1000E+03
  0.1000E+03  0.1000E+03
  0.1000E+03  0.1000E+03  0.1000E+03  0.1000E+03  0.1000E+03  0.1000E+03  0.1000E+03
  0.1000E+03  0.1000E+03  0.1000E+03  0.1000E+03  0.1000E+03  0.1000E+03  0.1000E+03
  0.1000E+03  0.1000E+03  0.1000E+03  0.1000E+03  0.1000E+03  0.1000E+03  0.1000E+03
  0.1000E+03  0.1000E+03  0.1000E+03  0.1000E+03  0.1000E+03  0.1000E+03  0.1000E+03
  0.1000E+03  0.1000E+03  0.1000E+03  0.1000E+03  0.1000E+03  0.1000E+03  0.1000E+03
  0.1000E+03  0.1000E+03  0.1000E+03  0.1000E+03  0.1000E+03  0.1000E+03  0.1000E+03
  0.1000E+03  0.1000E+03  0.1000E+03  0.1000E+03  0.1000E+03  0.1000E+03  0.1000E+03
  0.1000E+03  0.1000E+03  0.1000E+03  0.1000E+03  0.1000E+03  0.1000E+03  0.1000E+03
  0.1000E+03  0.1000E+03  0.1000E+03  0.1000E+03  0.1000E+03  0.1000E+03  0.1000E+03
  0.1000E+03  0.1000E+03  0.1000E+03  0.1000E+03  0.1000E+03  0.1000E+03  0.1000E+03
  0.1000E+03  0.1000E+03  0.1000E+03  0.1000E+03  0.1000E+03  0.1000E+03  0.1000E+03
  0.1000E+03  0.1000E+03  0.1000E+03  0.1000E+03  0.1000E+03  0.1000E+03  0.1000E+03
  0.1000E+03  0.1000E+03  0.1000E+03  0.1000E+03  0.1000E+03  0.1000E+03  0.1000E+03
  0.1000E+03  0.1000E+03  0.1000E+03  0.1000E+03  0.1000E+03  0.1000E+03  0.1000E+03
  0.1000E+03  0.1000E+03
  0.1000E+03  0.1000E+03  0.1000E+03  0.1000E+03  0.1000E+03  0.1000E+03  0.1000E+03
  0.1000E+03  0.1000E+03  0.1000E+03  0.1000E+03  0.1000E+03  0.1000E+03  0.1000E+03
  0.1000E+03  0.1000E+03  0.1000E+03  0.1000E+03  0.1000E+03  0.1000E+03  0.1000E+03
  0.1000E+03  0.1000E+03  0.1000E+03  0.1000E+03  0.1000E+03  0.1000E+03  0.1000E+03
  0.1000E+03  0.1000E+03  0.1000E+03  0.1000E+03  0.1000E+03  0.1000E+03  0.1000E+03
  0.1000E+03  0.1000E+03  0.1000E+03  0.1000E+03  0.1000E+03  0.1000E+03  0.1000E+03
  0.1000E+03  0.1000E+03  0.1000E+03  0.1000E+03  0.1000E+03  0.1000E+03  0.1000E+03
  0.1000E+03  0.1000E+03  0.1000E+03  0.1000E+03  0.1000E+03  0.1000E+03  0.1000E+03
  0.1000E+03  0.1000E+03  0.1000E+03  0.1000E+03  0.1000E+03  0.1000E+03  0.1000E+03
  0.1000E+03  0.1000E+03  0.1000E+03  0.1000E+03  0.1000E+03  0.1000E+03  0.1000E+03
  0.1000E+03  0.1000E+03  0.1000E+03  0.1000E+03  0.1000E+03  0.1000E+03  0.1000E+03
  0.1000E+03  0.1000E+03  0.1000E+03  0.1000E+03  0.1000E+03  0.1000E+03  0.1000E+03
  0.1000E+03  0.1000E+03  0.1000E+03  0.1000E+03  0.1000E+03  0.1000E+03  0.1000E+03
  0.1000E+03  0.1000E+03  0.1000E+03  0.1000E+03  0.1000E+03  0.1000E+03  0.1000E+03
  0.1000E+03  0.1000E+03
  0.1000E+03  0.1000E+03  0.1000E+03  0.1000E+03  0.1000E+03  0.1000E+03  0.1000E+03
  0.1000E+03  0.1000E+03  0.1000E+03  0.1000E+03  0.1000E+03  0.1000E+03  0.1000E+03
  0.1000E+03  0.1000E+03  0.1000E+03  0.1000E+03  0.1000E+03  0.1000E+03  0.1000E+03
  0.1000E+03  0.1000E+03  0.1000E+03  0.1000E+03  0.1000E+03  0.1000E+03  0.1000E+03
  0.1000E+03  0.1000E+03  0.1000E+03  0.1000E+03  0.1000E+03  0.1000E+03  0.1000E+03
  0.1000E+03  0.1000E+03  0.1000E+03  0.1000E+03  0.1000E+03  0.1000E+03  0.1000E+03
  0.1000E+03  0.1000E+03  0.1000E+03  0.1000E+03  0.1000E+03  0.1000E+03  0.1000E+03
  0.1000E+03  0.1000E+03  0.1000E+03  0.1000E+03  0.1000E+03  0.1000E+03  0.1000E+03
  0.1000E+03  0.1000E+03  0.1000E+03  0.1000E+03  0.1000E+03  0.1000E+03  0.1000E+03
  0.1000E+03  0.1000E+03  0.1000E+03  0.1000E+03  0.1000E+03  0.1000E+03  0.1000E+03
  0.1000E+03  0.1000E+03  0.1000E+03  0.1000E+03  0.1000E+03  0.1000E+03  0.1000E+03
  0.1000E+03  0.1000E+03  0.1000E+03  0.1000E+03  0.1000E+03  0.1000E+03  0.1000E+03
  0.1000E+03  0.1000E+03  0.1000E+03  0.1000E+03  0.1000E+03  0.1000E+03  0.1000E+03
  0.1000E+03  0.1000E+03  0.1000E+03  0.1000E+03  0.1000E+03  0.1000E+03  0.1000E+03
  0.1000E+03  0.1000E+03
  0.1000E+03  0.1000E+03  0.1000E+03  0.1000E+03  0.1000E+03  0.1000E+03  0.1000E+03
  0.1000E+03  0.1000E+03  0.1000E+03  0.1000E+03  0.1000E+03  0.1000E+03  0.1000E+03
  0.1000E+03  0.1000E+03  0.1000E+03  0.1000E+03  0.1000E+03  0.1000E+03  0.1000E+03
  0.1000E+03  0.1000E+03  0.1000E+03  0.1000E+03  0.1000E+03  0.1000E+03  0.1000E+03
  0.1000E+03  0.1000E+03  0.1000E+03  0.1000E+03  0.1000E+03  0.1000E+03  0.1000E+03
  0.1000E+03  0.1000E+03  0.1000E+03  0.1000E+03  0.1000E+03  0.1000E+03  0.1000E+03
  0.1000E+03  0.1000E+03  0.1000E+03  0.1000E+03  0.1000E+03  0.1000E+03  0.1000E+03
  0.1000E+03  0.1000E+03  0.1000E+03  0.1000E+03  0.1000E+03  0.1000E+03  0.1000E+03
  0.1000E+03  0.1000E+03  0.1000E+03  0.1000E+03  0.1000E+03  0.1000E+03  0.1000E+03
  0.1000E+03  0.1000E+03  0.1000E+03  0.1000E+03  0.1000E+03  0.1000E+03  0.1000E+03
  0.1000E+03  0.1000E+03  0.1000E+03  0.1000E+03  0.1000E+03  0.1000E+03  0.1000E+03
  0.1000E+03  0.1000E+03  0.1000E+03  0.1000E+03  0.1000E+03  0.1000E+03  0.1000E+03
  0.1000E+03  0.1000E+03  0.1000E+03  0.1000E+03  0.1000E+03  0.1000E+03  0.1000E+03
  0.1000E+03  0.1000E+03  0.1000E+03  0.1000E+03  0.1000E+03  0.1000E+03  0.1000E+03
  0.1000E+03  0.1000E+03
  0.1000E+03  0.1000E+03  0.1000E+03  0.1000E+03  0.1000E+03  0.1000E+03  0.1000E+03
  0.1000E+03  0.1000E+03  0.1000E+03  0.1000E+03  0.1000E+03  0.1000E+03  0.1000E+03
  0.1000E+03  0.1000E+03  0.1000E+03  0.1000E+03  0.1000E+03  0.1000E+03  0.1000E+03
  0.1000E+03  0.1000E+03  0.1000E+03  0.1000E+03  0.1000E+03  0.1000E+03  0.1000E+03
  0.1000E+03  0.1000E+03  0.1000E+03  0.1000E+03  0.1000E+03  0.1000E+03  0.1000E+03
  0.1000E+03  0.1000E+03  0.1000E+03  0.1000E+03  0.1000E+03  0.1000E+03  0.1000E+03
  0.1000E+03  0.1000E+03  0.1000E+03  0.1000E+03  0.1000E+03  0.1000E+03  0.1000E+03
  0.1000E+03  0.1000E+03  0.1000E+03  0.1000E+03  0.1000E+03  0.1000E+03  0.1000E+03
  0.1000E+03  0.1000E+03  0.1000E+03  0.1000E+03  0.1000E+03  0.1000E+03  0.1000E+03
  0.1000E+03  0.1000E+03  0.1000E+03  0.1000E+03  0.1000E+03  0.1000E+03  0.1000E+03
  0.1000E+03  0.1000E+03  0.1000E+03  0.1000E+03  0.1000E+03  0.1000E+03  0.1000E+03
  0.1000E+03  0.1000E+03  0.1000E+03  0.1000E+03  0.1000E+03  0.1000E+03  0.1000E+03
  0.1000E+03  0.1000E+03  0.1000E+03  0.1000E+03  0.1000E+03  0.1000E+03  0.1000E+03
  0.1000E+03  0.1000E+03  0.1000E+03  0.1000E+03  0.1000E+03  0.1000E+03  0.1000E+03
  0.1000E+03  0.1000E+03
  0.1000E+03  0.1000E+03  0.1000E+03  0.1000E+03  0.1000E+03  0.1000E+03  0.1000E+03
  0.1000E+03  0.1000E+03  0.1000E+03  0.1000E+03  0.1000E+03  0.1000E+03  0.1000E+03
  0.1000E+03  0.1000E+03  0.1000E+03  0.1000E+03  0.1000E+03  0.1000E+03  0.1000E+03
  0.1000E+03  0.1000E+03  0.1000E+03  0.1000E+03  0.1000E+03  0.1000E+03  0.1000E+03
  0.1000E+03  0.1000E+03  0.1000E+03  0.1000E+03  0.1000E+03  0.1000E+03  0.1000E+03
  0.1000E+03  0.1000E+03  0.1000E+03  0.1000E+03  0.1000E+03  0.1000E+03  0.1000E+03
  0.1000E+03  0.1000E+03  0.1000E+03  0.1000E+03  0.1000E+03  0.1000E+03  0.1000E+03
  0.1000E+03  0.1000E+03  0.1000E+03  0.1000E+03  0.1000E+03  0.1000E+03  0.1000E+03
  0.1000E+03  0.1000E+03  0.1000E+03  0.1000E+03  0.1000E+03  0.1000E+03  0.1000E+03
  0.1000E+03  0.1000E+03  0.1000E+03  0.1000E+03  0.1000E+03  0.1000E+03  0.1000E+03
  0.1000E+03  0.1000E+03  0.1000E+03  0.1000E+03  0.1000E+03  0.1000E+03  0.1000E+03
  0.1000E+03  0.1000E+03  0.1000E+03  0.1000E+03  0.1000E+03  0.1000E+03  0.1000E+03
  0.1000E+03  0.1000E+03  0.1000E+03  0.1000E+03  0.1000E+03  0.1000E+03  0.1000E+03
  0.1000E+03  0.1000E+03  0.1000E+03  0.1000E+03  0.1000E+03  0.1000E+03  0.1000E+03
  0.1000E+03  0.1000E+03
  0.1000E+03  0.1000E+03  0.1000E+03  0.1000E+03  0.1000E+03  0.1000E+03  0.1000E+03
  0.1000E+03  0.1000E+03  0.1000E+03  0.1000E+03  0.1000E+03  0.1000E+03  0.1000E+03
  0.1000E+03  0.1000E+03  0.1000E+03  0.1000E+03  0.1000E+03  0.1000E+03  0.1000E+03
  0.1000E+03  0.1000E+03  0.1000E+03  0.1000E+03  0.1000E+03  0.1000E+03  0.1000E+03
  0.1000E+03  0.1000E+03  0.1000E+03  0.1000E+03  0.1000E+03  0.1000E+03  0.1000E+03
  0.1000E+03  0.1000E+03  0.1000E+03  0.1000E+03  0.1000E+03  0.1000E+03  0.1000E+03
  0.1000E+03  0.1000E+03  0.1000E+03  0.1000E+03  0.1000E+03  0.1000E+03  0.1000E+03
  0.1000E+03  0.1000E+03  0.1000E+03  0.1000E+03  0.1000E+03  0.1000E+03  0.1000E+03
  0.1000E+03  0.1000E+03  0.1000E+03  0.1000E+03  0.1000E+03  0.1000E+03  0.1000E+03
  0.1000E+03  0.1000E+03  0.1000E+03  0.1000E+03  0.1000E+03  0.1000E+03  0.1000E+03
  0.1000E+03  0.1000E+03  0.1000E+03  0.1000E+03  0.1000E+03  0.1000E+03  0.1000E+03
  0.1000E+03  0.1000E+03  0.1000E+03  0.1000E+03  0.1000E+03  0.1000E+03  0.1000E+03
  0.1000E+03  0.1000E+03  0.1000E+03  0.1000E+03  0.1000E+03  0.1000E+03  0.1000E+03
  0.1000E+03  0.1000E+03  0.1000E+03  0.1000E+03  0.1000E+03  0.1000E+03  0.1000E+03
  0.1000E+03  0.1000E+03
