DISTORTION_INDEX
000000000000000
DISTORTION_PARAMETER
  -0.327736  0.328347  -0.130241  -0.103623  0.765338  1.01137  0.682133  0.460254  -0.0244213  0.0911865  0.418716  0.0387562  0.310534  -0.0200209  0.0729302
DISTORTION_INCLUSION index
111111111111111
111111111111111
111111111111111
111111111111111
111111111111111
111111111111111
111111111111111
111111111111111
111111111111111
111111111111111
111111111111111
111111111111111
111111111111111
111111111111111
111111111111111
111111111111111
111111111111111
111111111111111
111111111111111
111111111111111
111111111111111
000000000000000
000000000000000
000000000000000
000000000000000
000000000000000
000000000000000
000000000000000
000000000000000
000000000000000
000000000000000
000000000000000
000000000000000
000000000000000
000000000000000
000000000000000
000000000000000
000000000000000
000000000000000
