DISTORTION_INDEX
000000000000000
DISTORTION_PARAMETER
  -0.364426  0.61071  -0.245904  -0.111792  0.0146292  0.350148  -0.117758  0.106246  -0.458867  -0.396796  0.172347  -0.292629  -0.412417  -0.309365  -0.701847
DISTORTION_INCLUSION index
111111111111111
111111111111111
111111111111111
111111111111111
111111111111111
111111111111111
111111111111111
111111111111111
111111111111111
111111111111111
111111111111111
111111111111111
111111111111111
111111111111111
111111111111111
111111111111111
111111111111111
111111111111111
111111111111111
111111111111111
111111111111111
000000000000000
000000000000000
000000000000000
000000000000000
000000000000000
000000000000000
000000000000000
000000000000000
000000000000000
000000000000000
000000000000000
000000000000000
000000000000000
000000000000000
000000000000000
000000000000000
000000000000000
000000000000000
