 15
 39 0.4320901437146291
 2.500000000000000E-02 (554.7999877929687,-37.59999847412109) 5.000000000000000E-02 2.500000000000000E-02
 3.570154000000000E-02 (547.5999755859375,-36.90000152587891) 5.000000000000000E-02 2.500000000000000E-02
 5.000000000000000E-02 (568.0999755859375,-35.13000106811523) 5.000000000000000E-02 2.500000000000000E-02
 7.137759000000000E-02 (620.9000244140625,-33.22000122070313) 5.000000000000000E-02 2.500000000000000E-02
 9.990010000000001E-02 (695.7999877929687,-31.90999984741211) 5.000000000000000E-02 2.500000000000000E-02
 0.1427959000000000 (801.0000000000000,-31.11000061035156) 5.000000000000000E-02 2.500000000000000E-02
 0.1998801000000000 (930.2999877929687,-31.07999992370605) 5.000000000000000E-02 2.500000000000000E-02
 0.2857143000000000 (1100.000000000000,-32.33000183105469) 5.000000000000000E-02 2.500000000000000E-02
 0.4000000000000000 (1268.000000000000,-35.02999877929687) 5.000000000000000E-02 2.500000000000000E-02
 0.5714286000000000 (1398.000000000000,-39.22999954223633) 5.000000000000000E-02 2.500000000000000E-02
 0.8000000000000000 (1429.000000000000,-43.54999923706055) 5.000000000000000E-02 2.500000000000000E-02
 1.142857000000000 (1371.000000000000,-47.38000106811523) 5.000000000000000E-02 2.500000000000000E-02
 1.600000000000000 (1273.000000000000,-49.83000183105469) 5.000000000000000E-02 2.500000000000000E-02
 2.285714000000000 (1164.000000000000,-51.33000183105469) 5.000000000000000E-02 2.500000000000000E-02
 3.200000000000000 (1065.000000000000,-51.93000030517578) 5.000000000000000E-02 2.500000000000000E-02
 4.570384000000000 (973.5999755859375,-51.75000000000000) 5.000000000000000E-02 2.500000000000000E-02
 6.402049000000000 (907.2999877929687,-50.95000076293945) 5.000000000000000E-02 2.500000000000000E-02
 9.140768000000000 (861.4000244140625,-49.79000091552734) 5.000000000000000E-02 2.500000000000000E-02
 12.80000000000000 (834.5000000000000,-48.77999877929687) 5.000000000000000E-02 2.500000000000000E-02
 18.28588000000000 (812.7999877929687,-47.79999923706055) 5.000000000000000E-02 2.500000000000000E-02
 25.60033000000000 (799.7000122070313,-46.70000076293945) 5.000000000000000E-02 2.500000000000000E-02
 40.00000000000000 (807.4000244140625,-44.63000106811523) 5.000000000000000E-02 2.500000000000000E-02
 53.33333000000000 (844.2999877929687,-45.08000183105469) 5.000000000000000E-02 2.500000000000000E-02
 80.00000000000000 (875.2000122070313,-46.43999862670898) 5.000000000000000E-02 2.500000000000000E-02
 106.6701000000000 (885.0999755859375,-47.86999893188477) 5.000000000000000E-02 2.500000000000000E-02
 160.0000000000000 (872.5000000000000,-50.56999969482422) 5.000000000000000E-02 2.500000000000000E-02
 213.3288000000000 (837.7000122070313,-52.68999862670898) 5.000000000000000E-02 2.500000000000000E-02
 320.0000000000000 (763.4000244140625,-55.29999923706055) 5.000000000000000E-02 2.500000000000000E-02
 426.6758000000000 (706.2999877929687,-56.83000183105469) 5.000000000000000E-02 2.500000000000000E-02
 640.0000000000000 (627.2999877929688,-58.90999984741211) 5.000000000000000E-02 2.500000000000000E-02
 853.3151000000000 (569.5999755859375,-60.47000122070313) 5.000000000000000E-02 2.500000000000000E-02
 1280.000000000000 (484.2999877929687,-62.58000183105469) 5.000000000000000E-02 2.500000000000000E-02
 1706.689000000000 (424.1000061035156,-63.75000000000000) 5.000000000000000E-02 2.500000000000000E-02
 2559.967000000000 (348.5000000000000,-64.62999725341797) 5.000000000000000E-02 2.500000000000000E-02
 3413.319000000000 (306.3999938964844,-64.77999877929687) 5.000000000000000E-02 2.500000000000000E-02
 5120.066000000000 (263.8999938964844,-65.20999908447266) 5.000000000000000E-02 2.500000000000000E-02
 6826.871000000000 (240.6000061035156,-66.40000152587891) 5.000000000000000E-02 2.500000000000000E-02
 10240.03000000000 (206.1999969482422,-69.73999786376953) 5.000000000000000E-02 2.500000000000000E-02
 13653.00000000000 (177.3000030517578,-72.88999938964844) 5.000000000000000E-02 2.500000000000000E-02
 21 4.080471274668343
 2.500000000000000E-02 (179.1000061035156,-34.27999877929687) 5.000000000000000E-02 2.500000000000000E-02
 3.570154000000000E-02 (182.8000030517578,-32.63000106811523) 5.000000000000000E-02 2.500000000000000E-02
 5.000000000000000E-02 (199.6000061035156,-30.01000022888184) 5.000000000000000E-02 2.500000000000000E-02
 7.137759000000000E-02 (236.0000000000000,-27.70999908447266) 5.000000000000000E-02 2.500000000000000E-02
 9.990010000000001E-02 (288.8999938964844,-27.05999946594238) 5.000000000000000E-02 2.500000000000000E-02
 0.1427959000000000 (360.5000000000000,-28.51000022888184) 5.000000000000000E-02 2.500000000000000E-02
 0.1998801000000000 (429.2999877929687,-31.78000068664551) 5.000000000000000E-02 2.500000000000000E-02
 0.2857143000000000 (480.7999877929687,-36.52999877929687) 5.000000000000000E-02 2.500000000000000E-02
 0.4000000000000000 (493.2000122070313,-40.97999954223633) 5.000000000000000E-02 2.500000000000000E-02
 0.5714286000000000 (474.5000000000000,-44.36000061035156) 5.000000000000000E-02 2.500000000000000E-02
 0.8000000000000000 (449.7000122070313,-45.77000045776367) 5.000000000000000E-02 2.500000000000000E-02
 1.142857000000000 (437.7999877929687,-46.00000000000000) 5.000000000000000E-02 2.500000000000000E-02
 1.600000000000000 (445.7000122070313,-46.38000106811523) 5.000000000000000E-02 2.500000000000000E-02
 2.285714000000000 (463.0000000000000,-48.25999832153320) 5.000000000000000E-02 2.500000000000000E-02
 3.200000000000000 (466.1000061035156,-51.70999908447266) 5.000000000000000E-02 2.500000000000000E-02
 4.570384000000000 (436.2000122070313,-56.29000091552734) 5.000000000000000E-02 2.500000000000000E-02
 6.402049000000000 (379.2000122070313,-60.20999908447266) 5.000000000000000E-02 2.500000000000000E-02
 9.140768000000000 (307.8999938964844,-62.79000091552734) 5.000000000000000E-02 2.500000000000000E-02
 12.80000000000000 (247.6000061035156,-63.20999908447266) 5.000000000000000E-02 2.500000000000000E-02
 18.28588000000000 (200.1000061035156,-61.59999847412109) 5.000000000000000E-02 2.500000000000000E-02
 25.60033000000000 (171.8999938964844,-58.72000122070313) 5.000000000000000E-02 2.500000000000000E-02
 39 0.5676704653910785
 2.500000000000000E-02 (573.7999877929687,-18.55999946594238) 5.000000000000000E-02 2.500000000000000E-02
 3.570154000000000E-02 (675.7000122070313,-22.17000007629395) 5.000000000000000E-02 2.500000000000000E-02
 5.000000000000000E-02 (756.0999755859375,-24.65999984741211) 5.000000000000000E-02 2.500000000000000E-02
 7.137759000000000E-02 (830.2999877929687,-25.97999954223633) 5.000000000000000E-02 2.500000000000000E-02
 9.990010000000001E-02 (901.5000000000000,-25.85000038146973) 5.000000000000000E-02 2.500000000000000E-02
 0.1427959000000000 (1003.000000000000,-24.23999977111816) 5.000000000000000E-02 2.500000000000000E-02
 0.1998801000000000 (1160.000000000000,-21.79000091552734) 5.000000000000000E-02 2.500000000000000E-02
 0.2857143000000000 (1434.000000000000,-19.18000030517578) 5.000000000000000E-02 2.500000000000000E-02
 0.4000000000000000 (1833.000000000000,-17.54000091552734) 5.000000000000000E-02 2.500000000000000E-02
 0.5714286000000000 (2436.000000000000,-17.20999908447266) 5.000000000000000E-02 2.500000000000000E-02
 0.8000000000000000 (3186.000000000000,-18.42000007629395) 5.000000000000000E-02 2.500000000000000E-02
 1.142857000000000 (4121.000000000000,-21.25000000000000) 5.000000000000000E-02 2.500000000000000E-02
 1.600000000000000 (5000.000000000000,-25.02000045776367) 5.000000000000000E-02 2.500000000000000E-02
 2.285714000000000 (5722.000000000000,-29.30999946594238) 5.000000000000000E-02 2.500000000000000E-02
 3.200000000000000 (6124.000000000000,-32.61999893188477) 5.000000000000000E-02 2.500000000000000E-02
 4.570384000000000 (6395.000000000000,-34.72999954223633) 5.000000000000000E-02 2.500000000000000E-02
 6.402049000000000 (6708.000000000000,-35.72000122070313) 5.000000000000000E-02 2.500000000000000E-02
 9.140768000000000 (7168.000000000000,-36.61000061035156) 5.000000000000000E-02 2.500000000000000E-02
 12.80000000000000 (7618.000000000000,-37.72999954223633) 5.000000000000000E-02 2.500000000000000E-02
 18.28588000000000 (8003.000000000000,-38.90000152587891) 5.000000000000000E-02 2.500000000000000E-02
 25.60033000000000 (8367.000000000000,-39.61999893188477) 5.000000000000000E-02 2.500000000000000E-02
 40.00000000000000 (9481.000000000000,-40.18999862670898) 5.000000000000000E-02 2.500000000000000E-02
 53.33333000000000 (10078.00000000000,-40.54000091552734) 5.000000000000000E-02 2.500000000000000E-02
 80.00000000000000 (10997.00000000000,-42.27000045776367) 5.000000000000000E-02 2.500000000000000E-02
 106.6701000000000 (11446.00000000000,-44.43999862670898) 5.000000000000000E-02 2.500000000000000E-02
 160.0000000000000 (11469.00000000000,-48.04999923706055) 5.000000000000000E-02 2.500000000000000E-02
 213.3288000000000 (11124.00000000000,-50.40999984741211) 5.000000000000000E-02 2.500000000000000E-02
 320.0000000000000 (10454.00000000000,-53.38999938964844) 5.000000000000000E-02 2.500000000000000E-02
 426.6758000000000 (9913.000000000000,-55.63000106811523) 5.000000000000000E-02 2.500000000000000E-02
 640.0000000000000 (8913.000000000000,-59.24000167846680) 5.000000000000000E-02 2.500000000000000E-02
 853.3151000000000 (8008.000000000000,-61.83000183105469) 5.000000000000000E-02 2.500000000000000E-02
 1280.000000000000 (6638.000000000000,-64.95999908447266) 5.000000000000000E-02 2.500000000000000E-02
 1706.689000000000 (5726.000000000000,-66.76000213623047) 5.000000000000000E-02 2.500000000000000E-02
 2559.967000000000 (4596.000000000000,-69.00000000000000) 5.000000000000000E-02 2.500000000000000E-02
 3413.319000000000 (3889.000000000000,-70.55999755859375) 5.000000000000000E-02 2.500000000000000E-02
 5120.066000000000 (2986.000000000000,-72.69000244140625) 5.000000000000000E-02 2.500000000000000E-02
 6826.871000000000 (2412.000000000000,-73.84999847412109) 5.000000000000000E-02 2.500000000000000E-02
 10240.03000000000 (1730.000000000000,-74.33999633789063) 5.000000000000000E-02 2.500000000000000E-02
 13653.00000000000 (1350.000000000000,-73.54000091552734) 5.000000000000000E-02 2.500000000000000E-02
 21 0.7730504009299601
 2.500000000000000E-02 (375.8999938964844,-29.63999938964844) 5.000000000000000E-02 2.500000000000000E-02
 3.570154000000000E-02 (393.7999877929687,-31.50000000000000) 5.000000000000000E-02 2.500000000000000E-02
 5.000000000000000E-02 (416.8999938964844,-31.82999992370605) 5.000000000000000E-02 2.500000000000000E-02
 7.137759000000000E-02 (456.2999877929687,-31.68000030517578) 5.000000000000000E-02 2.500000000000000E-02
 9.990010000000001E-02 (504.7000122070313,-31.73999977111816) 5.000000000000000E-02 2.500000000000000E-02
 0.1427959000000000 (560.7999877929687,-31.97999954223633) 5.000000000000000E-02 2.500000000000000E-02
 0.1998801000000000 (619.4000244140625,-32.09999847412109) 5.000000000000000E-02 2.500000000000000E-02
 0.2857143000000000 (698.0999755859375,-32.27000045776367) 5.000000000000000E-02 2.500000000000000E-02
 0.4000000000000000 (791.0999755859375,-33.08000183105469) 5.000000000000000E-02 2.500000000000000E-02
 0.5714286000000000 (892.7999877929687,-35.00000000000000) 5.000000000000000E-02 2.500000000000000E-02
 0.8000000000000000 (965.5000000000000,-37.45999908447266) 5.000000000000000E-02 2.500000000000000E-02
 1.142857000000000 (1007.000000000000,-39.93000030517578) 5.000000000000000E-02 2.500000000000000E-02
 1.600000000000000 (1029.000000000000,-41.75000000000000) 5.000000000000000E-02 2.500000000000000E-02
 2.285714000000000 (1051.000000000000,-43.54999923706055) 5.000000000000000E-02 2.500000000000000E-02
 3.200000000000000 (1060.000000000000,-45.65000152587891) 5.000000000000000E-02 2.500000000000000E-02
 4.570384000000000 (1029.000000000000,-48.13999938964844) 5.000000000000000E-02 2.500000000000000E-02
 6.402049000000000 (958.5999755859375,-49.88000106811523) 5.000000000000000E-02 2.500000000000000E-02
 9.140768000000000 (871.2999877929687,-50.31000137329102) 5.000000000000000E-02 2.500000000000000E-02
 12.80000000000000 (809.5000000000000,-49.40999984741211) 5.000000000000000E-02 2.500000000000000E-02
 18.28588000000000 (778.7999877929687,-47.91999816894531) 5.000000000000000E-02 2.500000000000000E-02
 25.60033000000000 (773.5000000000000,-46.77000045776367) 5.000000000000000E-02 2.500000000000000E-02
 39 1.034258717799454
 2.500000000000000E-02 (1381.000000000000,-16.44000053405762) 5.000000000000000E-02 2.500000000000000E-02
 3.570154000000000E-02 (1698.000000000000,-21.05999946594238) 5.000000000000000E-02 2.500000000000000E-02
 5.000000000000000E-02 (1942.000000000000,-25.06999969482422) 5.000000000000000E-02 2.500000000000000E-02
 7.137759000000000E-02 (2139.000000000000,-28.06999969482422) 5.000000000000000E-02 2.500000000000000E-02
 9.990010000000001E-02 (2328.000000000000,-29.61000061035156) 5.000000000000000E-02 2.500000000000000E-02
 0.1427959000000000 (2601.000000000000,-30.65999984741211) 5.000000000000000E-02 2.500000000000000E-02
 0.1998801000000000 (2930.000000000000,-32.04000091552734) 5.000000000000000E-02 2.500000000000000E-02
 0.2857143000000000 (3282.000000000000,-34.31000137329102) 5.000000000000000E-02 2.500000000000000E-02
 0.4000000000000000 (3537.000000000000,-36.79000091552734) 5.000000000000000E-02 2.500000000000000E-02
 0.5714286000000000 (3723.000000000000,-39.13999938964844) 5.000000000000000E-02 2.500000000000000E-02
 0.8000000000000000 (3881.000000000000,-41.15000152587891) 5.000000000000000E-02 2.500000000000000E-02
 1.142857000000000 (4041.000000000000,-43.70999908447266) 5.000000000000000E-02 2.500000000000000E-02
 1.600000000000000 (4087.000000000000,-46.90000152587891) 5.000000000000000E-02 2.500000000000000E-02
 2.285714000000000 (3902.000000000000,-50.59000015258789) 5.000000000000000E-02 2.500000000000000E-02
 3.200000000000000 (3527.000000000000,-53.31000137329102) 5.000000000000000E-02 2.500000000000000E-02
 4.570384000000000 (3071.000000000000,-54.50999832153320) 5.000000000000000E-02 2.500000000000000E-02
 6.402049000000000 (2719.000000000000,-54.06000137329102) 5.000000000000000E-02 2.500000000000000E-02
 9.140768000000000 (2480.000000000000,-52.68999862670898) 5.000000000000000E-02 2.500000000000000E-02
 12.80000000000000 (2345.000000000000,-51.41999816894531) 5.000000000000000E-02 2.500000000000000E-02
 18.28588000000000 (2233.000000000000,-50.34000015258789) 5.000000000000000E-02 2.500000000000000E-02
 25.60033000000000 (2137.000000000000,-49.11000061035156) 5.000000000000000E-02 2.500000000000000E-02
 40.00000000000000 (2245.000000000000,-44.93999862670898) 5.000000000000000E-02 2.500000000000000E-02
 53.33333000000000 (2351.000000000000,-44.58000183105469) 5.000000000000000E-02 2.500000000000000E-02
 80.00000000000000 (2494.000000000000,-45.16999816894531) 5.000000000000000E-02 2.500000000000000E-02
 106.6701000000000 (2569.000000000000,-46.43000030517578) 5.000000000000000E-02 2.500000000000000E-02
 160.0000000000000 (2575.000000000000,-49.02000045776367) 5.000000000000000E-02 2.500000000000000E-02
 213.3288000000000 (2505.000000000000,-50.93000030517578) 5.000000000000000E-02 2.500000000000000E-02
 320.0000000000000 (2362.000000000000,-53.34999847412109) 5.000000000000000E-02 2.500000000000000E-02
 426.6758000000000 (2255.000000000000,-55.20000076293945) 5.000000000000000E-02 2.500000000000000E-02
 640.0000000000000 (2063.000000000000,-58.52000045776367) 5.000000000000000E-02 2.500000000000000E-02
 853.3151000000000 (1873.000000000000,-61.18000030517578) 5.000000000000000E-02 2.500000000000000E-02
 1280.000000000000 (1553.000000000000,-64.45999908447266) 5.000000000000000E-02 2.500000000000000E-02
 1706.689000000000 (1333.000000000000,-66.06999969482422) 5.000000000000000E-02 2.500000000000000E-02
 2559.967000000000 (1077.000000000000,-67.56999969482422) 5.000000000000000E-02 2.500000000000000E-02
 3413.319000000000 (933.5999755859375,-68.65000152587891) 5.000000000000000E-02 2.500000000000000E-02
 5120.066000000000 (755.9000244140625,-70.81999969482422) 5.000000000000000E-02 2.500000000000000E-02
 6826.871000000000 (634.0999755859375,-72.69000244140625) 5.000000000000000E-02 2.500000000000000E-02
 10240.03000000000 (471.7000122070313,-74.98999786376953) 5.000000000000000E-02 2.500000000000000E-02
 13653.00000000000 (371.7000122070313,-75.91000366210937) 5.000000000000000E-02 2.500000000000000E-02
 21 2.239483507063019
 2.500000000000000E-02 (609.0000000000000,-28.64999961853027) 5.000000000000000E-02 2.500000000000000E-02
 3.570154000000000E-02 (668.9000244140625,-27.45999908447266) 5.000000000000000E-02 2.500000000000000E-02
 5.000000000000000E-02 (773.0000000000000,-26.02000045776367) 5.000000000000000E-02 2.500000000000000E-02
 7.137759000000000E-02 (942.7000122070313,-25.39999961853027) 5.000000000000000E-02 2.500000000000000E-02
 9.990010000000001E-02 (1150.000000000000,-26.23999977111816) 5.000000000000000E-02 2.500000000000000E-02
 0.1427959000000000 (1392.000000000000,-28.57999992370605) 5.000000000000000E-02 2.500000000000000E-02
 0.1998801000000000 (1601.000000000000,-31.62000083923340) 5.000000000000000E-02 2.500000000000000E-02
 0.2857143000000000 (1780.000000000000,-35.18000030517578) 5.000000000000000E-02 2.500000000000000E-02
 0.4000000000000000 (1898.000000000000,-38.61000061035156) 5.000000000000000E-02 2.500000000000000E-02
 0.5714286000000000 (1955.000000000000,-42.20000076293945) 5.000000000000000E-02 2.500000000000000E-02
 0.8000000000000000 (1944.000000000000,-45.29000091552734) 5.000000000000000E-02 2.500000000000000E-02
 1.142857000000000 (1884.000000000000,-48.11000061035156) 5.000000000000000E-02 2.500000000000000E-02
 1.600000000000000 (1798.000000000000,-50.43999862670898) 5.000000000000000E-02 2.500000000000000E-02
 2.285714000000000 (1684.000000000000,-52.70000076293945) 5.000000000000000E-02 2.500000000000000E-02
 3.200000000000000 (1555.000000000000,-54.74000167846680) 5.000000000000000E-02 2.500000000000000E-02
 4.570384000000000 (1387.000000000000,-56.70999908447266) 5.000000000000000E-02 2.500000000000000E-02
 6.402049000000000 (1204.000000000000,-57.88000106811523) 5.000000000000000E-02 2.500000000000000E-02
 9.140768000000000 (1014.000000000000,-57.63000106811523) 5.000000000000000E-02 2.500000000000000E-02
 12.80000000000000 (873.7000122070313,-55.68999862670898) 5.000000000000000E-02 2.500000000000000E-02
 18.28588000000000 (784.4000244140625,-52.29999923706055) 5.000000000000000E-02 2.500000000000000E-02
 25.60033000000000 (753.5999755859375,-48.88000106811523) 5.000000000000000E-02 2.500000000000000E-02
 39 0.7625035191416232
 2.500000000000000E-02 (460.3999938964844,-31.21999931335449) 5.000000000000000E-02 2.500000000000000E-02
 3.570154000000000E-02 (476.1000061035156,-35.31999969482422) 5.000000000000000E-02 2.500000000000000E-02
 5.000000000000000E-02 (482.3999938964844,-37.59000015258789) 5.000000000000000E-02 2.500000000000000E-02
 7.137759000000000E-02 (497.2000122070313,-38.99000167846680) 5.000000000000000E-02 2.500000000000000E-02
 9.990010000000001E-02 (520.5000000000000,-40.43000030517578) 5.000000000000000E-02 2.500000000000000E-02
 0.1427959000000000 (540.7999877929687,-42.68000030517578) 5.000000000000000E-02 2.500000000000000E-02
 0.1998801000000000 (541.2000122070313,-45.08000183105469) 5.000000000000000E-02 2.500000000000000E-02
 0.2857143000000000 (521.2000122070313,-47.08000183105469) 5.000000000000000E-02 2.500000000000000E-02
 0.4000000000000000 (496.5000000000000,-47.97999954223633) 5.000000000000000E-02 2.500000000000000E-02
 0.5714286000000000 (480.5000000000000,-48.09999847412109) 5.000000000000000E-02 2.500000000000000E-02
 0.8000000000000000 (482.5000000000000,-48.29999923706055) 5.000000000000000E-02 2.500000000000000E-02
 1.142857000000000 (496.8999938964844,-49.81999969482422) 5.000000000000000E-02 2.500000000000000E-02
 1.600000000000000 (502.2999877929687,-53.06000137329102) 5.000000000000000E-02 2.500000000000000E-02
 2.285714000000000 (476.2999877929687,-57.93999862670898) 5.000000000000000E-02 2.500000000000000E-02
 3.200000000000000 (417.7000122070313,-62.75000000000000) 5.000000000000000E-02 2.500000000000000E-02
 4.570384000000000 (337.0000000000000,-66.86000061035156) 5.000000000000000E-02 2.500000000000000E-02
 6.402049000000000 (262.8999938964844,-69.12999725341797) 5.000000000000000E-02 2.500000000000000E-02
 9.140768000000000 (198.5000000000000,-69.55999755859375) 5.000000000000000E-02 2.500000000000000E-02
 12.80000000000000 (154.1000061035156,-68.09999847412109) 5.000000000000000E-02 2.500000000000000E-02
 18.28588000000000 (122.9000015258789,-64.83999633789063) 5.000000000000000E-02 2.500000000000000E-02
 25.60033000000000 (106.3000030517578,-60.79999923706055) 5.000000000000000E-02 2.500000000000000E-02
 40.00000000000000 (100.1999969482422,-55.11999893188477) 5.000000000000000E-02 2.500000000000000E-02
 53.33333000000000 (96.80999755859375,-53.38000106811523) 5.000000000000000E-02 2.500000000000000E-02
 80.00000000000000 (94.88999938964844,-51.43000030517578) 5.000000000000000E-02 2.500000000000000E-02
 106.6701000000000 (95.55000305175781,-50.86000061035156) 5.000000000000000E-02 2.500000000000000E-02
 160.0000000000000 (96.54000091552734,-51.75000000000000) 5.000000000000000E-02 2.500000000000000E-02
 213.3288000000000 (95.02999877929687,-53.38999938964844) 5.000000000000000E-02 2.500000000000000E-02
 320.0000000000000 (88.63999938964844,-56.25000000000000) 5.000000000000000E-02 2.500000000000000E-02
 426.6758000000000 (81.98999786376953,-58.25999832153320) 5.000000000000000E-02 2.500000000000000E-02
 640.0000000000000 (71.47000122070313,-60.81999969482422) 5.000000000000000E-02 2.500000000000000E-02
 853.3151000000000 (64.05000305175781,-62.47000122070313) 5.000000000000000E-02 2.500000000000000E-02
 1280.000000000000 (54.11000061035156,-64.83999633789063) 5.000000000000000E-02 2.500000000000000E-02
 1706.689000000000 (47.13000106811523,-66.68000030517578) 5.000000000000000E-02 2.500000000000000E-02
 2559.967000000000 (37.24000167846680,-69.08000183105469) 5.000000000000000E-02 2.500000000000000E-02
 3413.319000000000 (30.65999984741211,-70.12999725341797) 5.000000000000000E-02 2.500000000000000E-02
 5120.066000000000 (22.97999954223633,-70.09999847412109) 5.000000000000000E-02 2.500000000000000E-02
 6826.871000000000 (18.96999931335449,-68.94999694824219) 5.000000000000000E-02 2.500000000000000E-02
 10240.03000000000 (15.27000045776367,-66.30999755859375) 5.000000000000000E-02 2.500000000000000E-02
 13653.00000000000 (13.77999973297119,-64.51000213623047) 5.000000000000000E-02 2.500000000000000E-02
 21 1.277160817212660
 2.500000000000000E-02 (1889.000000000000,-24.44000053405762) 5.000000000000000E-02 2.500000000000000E-02
 3.570154000000000E-02 (2487.000000000000,-23.40999984741211) 5.000000000000000E-02 2.500000000000000E-02
 5.000000000000000E-02 (3206.000000000000,-24.56999969482422) 5.000000000000000E-02 2.500000000000000E-02
 7.137759000000000E-02 (4051.000000000000,-27.81999969482422) 5.000000000000000E-02 2.500000000000000E-02
 9.990010000000001E-02 (4784.000000000000,-32.29999923706055) 5.000000000000000E-02 2.500000000000000E-02
 0.1427959000000000 (5325.000000000000,-37.83000183105469) 5.000000000000000E-02 2.500000000000000E-02
 0.1998801000000000 (5531.000000000000,-43.18000030517578) 5.000000000000000E-02 2.500000000000000E-02
 0.2857143000000000 (5425.000000000000,-48.61000061035156) 5.000000000000000E-02 2.500000000000000E-02
 0.4000000000000000 (5086.000000000000,-53.20999908447266) 5.000000000000000E-02 2.500000000000000E-02
 0.5714286000000000 (4601.000000000000,-57.45000076293945) 5.000000000000000E-02 2.500000000000000E-02
 0.8000000000000000 (4110.000000000000,-61.22000122070313) 5.000000000000000E-02 2.500000000000000E-02
 1.142857000000000 (3549.000000000000,-65.41999816894531) 5.000000000000000E-02 2.500000000000000E-02
 1.600000000000000 (2961.000000000000,-69.51999664306641) 5.000000000000000E-02 2.500000000000000E-02
 2.285714000000000 (2319.000000000000,-73.45999908447266) 5.000000000000000E-02 2.500000000000000E-02
 3.200000000000000 (1768.000000000000,-76.29000091552734) 5.000000000000000E-02 2.500000000000000E-02
 4.570384000000000 (1292.000000000000,-78.09999847412109) 5.000000000000000E-02 2.500000000000000E-02
 6.402049000000000 (950.0999755859375,-78.62999725341797) 5.000000000000000E-02 2.500000000000000E-02
 9.140768000000000 (687.0999755859375,-77.93000030517578) 5.000000000000000E-02 2.500000000000000E-02
 12.80000000000000 (513.7999877929687,-76.08999633789063) 5.000000000000000E-02 2.500000000000000E-02
 18.28588000000000 (390.6000061035156,-72.95999908447266) 5.000000000000000E-02 2.500000000000000E-02
 25.60033000000000 (318.0000000000000,-69.23000335693359) 5.000000000000000E-02 2.500000000000000E-02
 39 0.3476428381432740
 2.500000000000000E-02 (787.7999877929687,-19.53000068664551) 5.000000000000000E-02 2.500000000000000E-02
 3.570154000000000E-02 (970.7000122070313,-25.60000038146973) 5.000000000000000E-02 2.500000000000000E-02
 5.000000000000000E-02 (1110.000000000000,-31.70999908447266) 5.000000000000000E-02 2.500000000000000E-02
 7.137759000000000E-02 (1204.000000000000,-38.13999938964844) 5.000000000000000E-02 2.500000000000000E-02
 9.990010000000001E-02 (1237.000000000000,-44.15999984741211) 5.000000000000000E-02 2.500000000000000E-02
 0.1427959000000000 (1202.000000000000,-50.68999862670898) 5.000000000000000E-02 2.500000000000000E-02
 0.1998801000000000 (1092.000000000000,-56.65999984741211) 5.000000000000000E-02 2.500000000000000E-02
 0.2857143000000000 (917.9000244140625,-62.04999923706055) 5.000000000000000E-02 2.500000000000000E-02
 0.4000000000000000 (741.7999877929687,-65.61000061035156) 5.000000000000000E-02 2.500000000000000E-02
 0.5714286000000000 (579.2000122070313,-67.62000274658203) 5.000000000000000E-02 2.500000000000000E-02
 0.8000000000000000 (459.8999938964844,-68.11000061035156) 5.000000000000000E-02 2.500000000000000E-02
 1.142857000000000 (365.2000122070313,-67.62000274658203) 5.000000000000000E-02 2.500000000000000E-02
 1.600000000000000 (297.7999877929687,-66.44000244140625) 5.000000000000000E-02 2.500000000000000E-02
 2.285714000000000 (244.1000061035156,-64.41000366210937) 5.000000000000000E-02 2.500000000000000E-02
 3.200000000000000 (208.3000030517578,-61.79000091552734) 5.000000000000000E-02 2.500000000000000E-02
 4.570384000000000 (183.6000061035156,-58.75000000000000) 5.000000000000000E-02 2.500000000000000E-02
 6.402049000000000 (168.1000061035156,-56.18000030517578) 5.000000000000000E-02 2.500000000000000E-02
 9.140768000000000 (155.0000000000000,-53.74000167846680) 5.000000000000000E-02 2.500000000000000E-02
 12.80000000000000 (144.5000000000000,-51.09000015258789) 5.000000000000000E-02 2.500000000000000E-02
 18.28588000000000 (138.6999969482422,-47.50999832153320) 5.000000000000000E-02 2.500000000000000E-02
 25.60033000000000 (141.8000030517578,-43.88999938964844) 5.000000000000000E-02 2.500000000000000E-02
 40.00000000000000 (173.8000030517578,-43.54000091552734) 5.000000000000000E-02 2.500000000000000E-02
 53.33333000000000 (188.1999969482422,-42.95999908447266) 5.000000000000000E-02 2.500000000000000E-02
 80.00000000000000 (208.0000000000000,-43.99000167846680) 5.000000000000000E-02 2.500000000000000E-02
 106.6701000000000 (218.5000000000000,-45.93999862670898) 5.000000000000000E-02 2.500000000000000E-02
 160.0000000000000 (220.8000030517578,-49.91999816894531) 5.000000000000000E-02 2.500000000000000E-02
 213.3288000000000 (211.5000000000000,-52.91999816894531) 5.000000000000000E-02 2.500000000000000E-02
 320.0000000000000 (188.6999969482422,-56.43000030517578) 5.000000000000000E-02 2.500000000000000E-02
 426.6758000000000 (170.8000030517578,-58.27000045776367) 5.000000000000000E-02 2.500000000000000E-02
 640.0000000000000 (146.8999938964844,-60.27999877929687) 5.000000000000000E-02 2.500000000000000E-02
 853.3151000000000 (131.1999969482422,-61.45999908447266) 5.000000000000000E-02 2.500000000000000E-02
 1280.000000000000 (111.3000030517578,-62.83000183105469) 5.000000000000000E-02 2.500000000000000E-02
 1706.689000000000 (98.97000122070313,-63.79000091552734) 5.000000000000000E-02 2.500000000000000E-02
 2559.967000000000 (82.84999847412109,-65.51999664306641) 5.000000000000000E-02 2.500000000000000E-02
 3413.319000000000 (71.20999908447266,-66.90000152587891) 5.000000000000000E-02 2.500000000000000E-02
 5120.066000000000 (54.81000137329102,-68.18000030517578) 5.000000000000000E-02 2.500000000000000E-02
 6826.871000000000 (44.33000183105469,-67.98000335693359) 5.000000000000000E-02 2.500000000000000E-02
 10240.03000000000 (32.56999969482422,-65.44000244140625) 5.000000000000000E-02 2.500000000000000E-02
 13653.00000000000 (26.61000061035156,-61.79999923706055) 5.000000000000000E-02 2.500000000000000E-02
 39 0.4010549352573871
 2.500000000000000E-02 (845.0999755859375,-26.20000076293945) 5.000000000000000E-02 2.500000000000000E-02
 3.570154000000000E-02 (985.9000244140625,-34.65000152587891) 5.000000000000000E-02 2.500000000000000E-02
 5.000000000000000E-02 (1029.000000000000,-43.22000122070313) 5.000000000000000E-02 2.500000000000000E-02
 7.137759000000000E-02 (960.9000244140625,-51.70999908447266) 5.000000000000000E-02 2.500000000000000E-02
 9.990010000000001E-02 (825.2000122070313,-58.18999862670898) 5.000000000000000E-02 2.500000000000000E-02
 0.1427959000000000 (662.0999755859375,-62.97000122070313) 5.000000000000000E-02 2.500000000000000E-02
 0.1998801000000000 (524.0999755859375,-65.50000000000000) 5.000000000000000E-02 2.500000000000000E-02
 0.2857143000000000 (407.1000061035156,-66.25000000000000) 5.000000000000000E-02 2.500000000000000E-02
 0.4000000000000000 (326.1000061035156,-65.31999969482422) 5.000000000000000E-02 2.500000000000000E-02
 0.5714286000000000 (269.1000061035156,-62.99000167846680) 5.000000000000000E-02 2.500000000000000E-02
 0.8000000000000000 (238.3000030517578,-60.34000015258789) 5.000000000000000E-02 2.500000000000000E-02
 1.142857000000000 (222.5000000000000,-58.36000061035156) 5.000000000000000E-02 2.500000000000000E-02
 1.600000000000000 (213.3000030517578,-58.15000152587891) 5.000000000000000E-02 2.500000000000000E-02
 2.285714000000000 (198.1999969482422,-59.54000091552734) 5.000000000000000E-02 2.500000000000000E-02
 3.200000000000000 (174.8000030517578,-61.33000183105469) 5.000000000000000E-02 2.500000000000000E-02
 4.570384000000000 (144.8000030517578,-62.33000183105469) 5.000000000000000E-02 2.500000000000000E-02
 6.402049000000000 (118.4000015258789,-61.54000091552734) 5.000000000000000E-02 2.500000000000000E-02
 9.140768000000000 (97.43000030517578,-58.58000183105469) 5.000000000000000E-02 2.500000000000000E-02
 12.80000000000000 (85.91000366210937,-54.16999816894531) 5.000000000000000E-02 2.500000000000000E-02
 18.28588000000000 (82.50000000000000,-48.88000106811523) 5.000000000000000E-02 2.500000000000000E-02
 25.60033000000000 (86.87999725341797,-44.75000000000000) 5.000000000000000E-02 2.500000000000000E-02
 40.00000000000000 (100.6999969482422,-41.09000015258789) 5.000000000000000E-02 2.500000000000000E-02
 53.33333000000000 (114.8000030517578,-42.36000061035156) 5.000000000000000E-02 2.500000000000000E-02
 80.00000000000000 (130.5000000000000,-47.45000076293945) 5.000000000000000E-02 2.500000000000000E-02
 106.6701000000000 (132.8999938964844,-52.70999908447266) 5.000000000000000E-02 2.500000000000000E-02
 160.0000000000000 (120.4000015258789,-60.81999969482422) 5.000000000000000E-02 2.500000000000000E-02
 213.3288000000000 (103.5999984741211,-66.05999755859375) 5.000000000000000E-02 2.500000000000000E-02
 320.0000000000000 (77.41999816894531,-71.80999755859375) 5.000000000000000E-02 2.500000000000000E-02
 426.6758000000000 (60.79000091552734,-74.55000305175781) 5.000000000000000E-02 2.500000000000000E-02
 640.0000000000000 (42.22999954223633,-76.55999755859375) 5.000000000000000E-02 2.500000000000000E-02
 853.3151000000000 (32.45999908447266,-76.73999786376953) 5.000000000000000E-02 2.500000000000000E-02
 1280.000000000000 (22.64999961853027,-75.30000305175781) 5.000000000000000E-02 2.500000000000000E-02
 1706.689000000000 (17.88999938964844,-73.09999847412109) 5.000000000000000E-02 2.500000000000000E-02
 2559.967000000000 (13.56000041961670,-68.55999755859375) 5.000000000000000E-02 2.500000000000000E-02
 3413.319000000000 (11.80000019073486,-64.75000000000000) 5.000000000000000E-02 2.500000000000000E-02
 5120.066000000000 (10.72000026702881,-59.86999893188477) 5.000000000000000E-02 2.500000000000000E-02
 6826.871000000000 (10.63000011444092,-57.86999893188477) 5.000000000000000E-02 2.500000000000000E-02
 10240.03000000000 (10.82999992370605,-58.31000137329102) 5.000000000000000E-02 2.500000000000000E-02
 13653.00000000000 (10.68000030517578,-60.90999984741211) 5.000000000000000E-02 2.500000000000000E-02
 39 1.487124716854328
 2.500000000000000E-02 (3989.000000000000,-22.21999931335449) 5.000000000000000E-02 2.500000000000000E-02
 3.570154000000000E-02 (4791.000000000000,-29.51000022888184) 5.000000000000000E-02 2.500000000000000E-02
 5.000000000000000E-02 (5186.000000000000,-36.90000152587891) 5.000000000000000E-02 2.500000000000000E-02
 7.137759000000000E-02 (5068.000000000000,-43.99000167846680) 5.000000000000000E-02 2.500000000000000E-02
 9.990010000000001E-02 (4581.000000000000,-48.83000183105469) 5.000000000000000E-02 2.500000000000000E-02
 0.1427959000000000 (3967.000000000000,-51.34000015258789) 5.000000000000000E-02 2.500000000000000E-02
 0.1998801000000000 (3521.000000000000,-51.41999816894531) 5.000000000000000E-02 2.500000000000000E-02
 0.2857143000000000 (3289.000000000000,-50.25000000000000) 5.000000000000000E-02 2.500000000000000E-02
 0.4000000000000000 (3281.000000000000,-49.49000167846680) 5.000000000000000E-02 2.500000000000000E-02
 0.5714286000000000 (3381.000000000000,-50.43000030517578) 5.000000000000000E-02 2.500000000000000E-02
 0.8000000000000000 (3407.000000000000,-53.29999923706055) 5.000000000000000E-02 2.500000000000000E-02
 1.142857000000000 (3210.000000000000,-57.59999847412109) 5.000000000000000E-02 2.500000000000000E-02
 1.600000000000000 (2816.000000000000,-61.58000183105469) 5.000000000000000E-02 2.500000000000000E-02
 2.285714000000000 (2314.000000000000,-64.63999938964844) 5.000000000000000E-02 2.500000000000000E-02
 3.200000000000000 (1880.000000000000,-66.08999633789063) 5.000000000000000E-02 2.500000000000000E-02
 4.570384000000000 (1516.000000000000,-66.38999938964844) 5.000000000000000E-02 2.500000000000000E-02
 6.402049000000000 (1254.000000000000,-66.02999877929687) 5.000000000000000E-02 2.500000000000000E-02
 9.140768000000000 (1032.000000000000,-65.26999664306641) 5.000000000000000E-02 2.500000000000000E-02
 12.80000000000000 (861.0999755859375,-63.95999908447266) 5.000000000000000E-02 2.500000000000000E-02
 18.28588000000000 (721.5999755859375,-61.61000061035156) 5.000000000000000E-02 2.500000000000000E-02
 25.60033000000000 (634.5000000000000,-58.65000152587891) 5.000000000000000E-02 2.500000000000000E-02
 40.00000000000000 (567.9000244140625,-53.90000152587891) 5.000000000000000E-02 2.500000000000000E-02
 53.33333000000000 (564.2999877929687,-52.68000030517578) 5.000000000000000E-02 2.500000000000000E-02
 80.00000000000000 (567.7999877929687,-52.36999893188477) 5.000000000000000E-02 2.500000000000000E-02
 106.6701000000000 (568.0000000000000,-53.40000152587891) 5.000000000000000E-02 2.500000000000000E-02
 160.0000000000000 (543.7999877929687,-56.31999969482422) 5.000000000000000E-02 2.500000000000000E-02
 213.3288000000000 (504.2999877929687,-58.77999877929687) 5.000000000000000E-02 2.500000000000000E-02
 320.0000000000000 (430.8999938964844,-61.77000045776367) 5.000000000000000E-02 2.500000000000000E-02
 426.6758000000000 (377.5000000000000,-63.34999847412109) 5.000000000000000E-02 2.500000000000000E-02
 640.0000000000000 (308.7000122070313,-64.87999725341797) 5.000000000000000E-02 2.500000000000000E-02
 853.3151000000000 (266.2999877929687,-65.50000000000000) 5.000000000000000E-02 2.500000000000000E-02
 1280.000000000000 (218.1000061035156,-65.77999877929687) 5.000000000000000E-02 2.500000000000000E-02
 1706.689000000000 (191.8999938964844,-65.93000030517578) 5.000000000000000E-02 2.500000000000000E-02
 2559.967000000000 (161.3999938964844,-66.83000183105469) 5.000000000000000E-02 2.500000000000000E-02
 3413.319000000000 (140.5000000000000,-68.05000305175781) 5.000000000000000E-02 2.500000000000000E-02
 5120.066000000000 (110.0000000000000,-69.80999755859375) 5.000000000000000E-02 2.500000000000000E-02
 6826.871000000000 (89.34999847412109,-70.38999938964844) 5.000000000000000E-02 2.500000000000000E-02
 10240.03000000000 (64.87999725341797,-69.41000366210937) 5.000000000000000E-02 2.500000000000000E-02
 13653.00000000000 (51.68000030517578,-67.09999847412109) 5.000000000000000E-02 2.500000000000000E-02
 39 0.5097661880151353
 2.500000000000000E-02 (4362.000000000000,-16.59000015258789) 5.000000000000000E-02 2.500000000000000E-02
 3.570154000000000E-02 (5557.000000000000,-22.45000076293945) 5.000000000000000E-02 2.500000000000000E-02
 5.000000000000000E-02 (6505.000000000000,-28.79000091552734) 5.000000000000000E-02 2.500000000000000E-02
 7.137759000000000E-02 (7012.000000000000,-35.41999816894531) 5.000000000000000E-02 2.500000000000000E-02
 9.990010000000001E-02 (6975.000000000000,-40.50999832153320) 5.000000000000000E-02 2.500000000000000E-02
 0.1427959000000000 (6667.000000000000,-43.97999954223633) 5.000000000000000E-02 2.500000000000000E-02
 0.1998801000000000 (6441.000000000000,-45.77000045776367) 5.000000000000000E-02 2.500000000000000E-02
 0.2857143000000000 (6413.000000000000,-47.40000152587891) 5.000000000000000E-02 2.500000000000000E-02
 0.4000000000000000 (6466.000000000000,-49.88999938964844) 5.000000000000000E-02 2.500000000000000E-02
 0.5714286000000000 (6317.000000000000,-53.90000152587891) 5.000000000000000E-02 2.500000000000000E-02
 0.8000000000000000 (5799.000000000000,-58.29000091552734) 5.000000000000000E-02 2.500000000000000E-02
 1.142857000000000 (4939.000000000000,-62.36999893188477) 5.000000000000000E-02 2.500000000000000E-02
 1.600000000000000 (4069.000000000000,-64.94000244140625) 5.000000000000000E-02 2.500000000000000E-02
 2.285714000000000 (3276.000000000000,-66.22000122070313) 5.000000000000000E-02 2.500000000000000E-02
 3.200000000000000 (2697.000000000000,-66.54000091552734) 5.000000000000000E-02 2.500000000000000E-02
 4.570384000000000 (2217.000000000000,-66.50000000000000) 5.000000000000000E-02 2.500000000000000E-02
 6.402049000000000 (1837.000000000000,-66.23000335693359) 5.000000000000000E-02 2.500000000000000E-02
 9.140768000000000 (1495.000000000000,-65.23000335693359) 5.000000000000000E-02 2.500000000000000E-02
 12.80000000000000 (1243.000000000000,-63.22999954223633) 5.000000000000000E-02 2.500000000000000E-02
 18.28588000000000 (1060.000000000000,-60.13999938964844) 5.000000000000000E-02 2.500000000000000E-02
 25.60033000000000 (957.5999755859375,-57.02999877929687) 5.000000000000000E-02 2.500000000000000E-02
 40.00000000000000 (853.9000244140625,-55.50999832153320) 5.000000000000000E-02 2.500000000000000E-02
 53.33333000000000 (833.5999755859375,-54.54000091552734) 5.000000000000000E-02 2.500000000000000E-02
 80.00000000000000 (821.0999755859375,-54.40000152587891) 5.000000000000000E-02 2.500000000000000E-02
 106.6701000000000 (811.4000244140625,-55.56000137329102) 5.000000000000000E-02 2.500000000000000E-02
 160.0000000000000 (763.7999877929687,-58.79999923706055) 5.000000000000000E-02 2.500000000000000E-02
 213.3288000000000 (698.0000000000000,-61.59000015258789) 5.000000000000000E-02 2.500000000000000E-02
 320.0000000000000 (579.5000000000000,-65.09999847412109) 5.000000000000000E-02 2.500000000000000E-02
 426.6758000000000 (494.2999877929687,-67.01000213623047) 5.000000000000000E-02 2.500000000000000E-02
 640.0000000000000 (386.2000122070313,-68.88999938964844) 5.000000000000000E-02 2.500000000000000E-02
 853.3151000000000 (320.5000000000000,-69.61000061035156) 5.000000000000000E-02 2.500000000000000E-02
 1280.000000000000 (245.5000000000000,-69.62999725341797) 5.000000000000000E-02 2.500000000000000E-02
 1706.689000000000 (204.6999969482422,-68.98999786376953) 5.000000000000000E-02 2.500000000000000E-02
 2559.967000000000 (161.6999969482422,-67.47000122070313) 5.000000000000000E-02 2.500000000000000E-02
 3413.319000000000 (138.8999938964844,-66.06999969482422) 5.000000000000000E-02 2.500000000000000E-02
 5120.066000000000 (115.5000000000000,-63.61000061035156) 5.000000000000000E-02 2.500000000000000E-02
 6826.871000000000 (105.0000000000000,-61.74000167846680) 5.000000000000000E-02 2.500000000000000E-02
 10240.03000000000 (97.54000091552734,-60.02999877929687) 5.000000000000000E-02 2.500000000000000E-02
 13653.00000000000 (95.06999969482422,-60.34999847412109) 5.000000000000000E-02 2.500000000000000E-02
 39 0.3868855892768205
 2.500000000000000E-02 (3426.000000000000,-28.82999992370605) 5.000000000000000E-02 2.500000000000000E-02
 3.570154000000000E-02 (3769.000000000000,-36.40000152587891) 5.000000000000000E-02 2.500000000000000E-02
 5.000000000000000E-02 (3778.000000000000,-43.00999832153320) 5.000000000000000E-02 2.500000000000000E-02
 7.137759000000000E-02 (3541.000000000000,-48.61000061035156) 5.000000000000000E-02 2.500000000000000E-02
 9.990010000000001E-02 (3228.000000000000,-52.52999877929687) 5.000000000000000E-02 2.500000000000000E-02
 0.1427959000000000 (2882.000000000000,-55.75000000000000) 5.000000000000000E-02 2.500000000000000E-02
 0.1998801000000000 (2552.000000000000,-58.18999862670898) 5.000000000000000E-02 2.500000000000000E-02
 0.2857143000000000 (2218.000000000000,-60.08000183105469) 5.000000000000000E-02 2.500000000000000E-02
 0.4000000000000000 (1950.000000000000,-61.33000183105469) 5.000000000000000E-02 2.500000000000000E-02
 0.5714286000000000 (1724.000000000000,-62.72999954223633) 5.000000000000000E-02 2.500000000000000E-02
 0.8000000000000000 (1530.000000000000,-64.76999664306641) 5.000000000000000E-02 2.500000000000000E-02
 1.142857000000000 (1304.000000000000,-67.63999938964844) 5.000000000000000E-02 2.500000000000000E-02
 1.600000000000000 (1070.000000000000,-70.33999633789063) 5.000000000000000E-02 2.500000000000000E-02
 2.285714000000000 (833.4000244140625,-72.44999694824219) 5.000000000000000E-02 2.500000000000000E-02
 3.200000000000000 (645.5999755859375,-73.37999725341797) 5.000000000000000E-02 2.500000000000000E-02
 4.570384000000000 (492.0000000000000,-73.29000091552734) 5.000000000000000E-02 2.500000000000000E-02
 6.402049000000000 (383.7999877929687,-72.38999938964844) 5.000000000000000E-02 2.500000000000000E-02
 9.140768000000000 (298.7999877929687,-70.63999938964844) 5.000000000000000E-02 2.500000000000000E-02
 12.80000000000000 (240.5000000000000,-68.16000366210937) 5.000000000000000E-02 2.500000000000000E-02
 18.28588000000000 (198.6999969482422,-64.72000122070313) 5.000000000000000E-02 2.500000000000000E-02
 25.60033000000000 (174.8999938964844,-61.18999862670898) 5.000000000000000E-02 2.500000000000000E-02
 40.00000000000000 (160.3000030517578,-57.45000076293945) 5.000000000000000E-02 2.500000000000000E-02
 53.33333000000000 (155.0000000000000,-55.72999954223633) 5.000000000000000E-02 2.500000000000000E-02
 80.00000000000000 (150.5000000000000,-54.40000152587891) 5.000000000000000E-02 2.500000000000000E-02
 106.6701000000000 (148.1999969482422,-54.41999816894531) 5.000000000000000E-02 2.500000000000000E-02
 160.0000000000000 (142.3999938964844,-55.88000106811523) 5.000000000000000E-02 2.500000000000000E-02
 213.3288000000000 (134.1999969482422,-57.50999832153320) 5.000000000000000E-02 2.500000000000000E-02
 320.0000000000000 (118.6999969482422,-59.75000000000000) 5.000000000000000E-02 2.500000000000000E-02
 426.6758000000000 (107.1999969482422,-61.11000061035156) 5.000000000000000E-02 2.500000000000000E-02
 640.0000000000000 (91.51000213623047,-62.97000122070313) 5.000000000000000E-02 2.500000000000000E-02
 853.3151000000000 (80.47000122070313,-64.30999755859375) 5.000000000000000E-02 2.500000000000000E-02
 1280.000000000000 (65.23999786376953,-65.70999908447266) 5.000000000000000E-02 2.500000000000000E-02
 1706.689000000000 (55.70000076293945,-66.04000091552734) 5.000000000000000E-02 2.500000000000000E-02
 2559.967000000000 (45.22999954223633,-65.70999908447266) 5.000000000000000E-02 2.500000000000000E-02
 3413.319000000000 (39.72000122070313,-65.41999816894531) 5.000000000000000E-02 2.500000000000000E-02
 5120.066000000000 (33.25000000000000,-65.63999938964844) 5.000000000000000E-02 2.500000000000000E-02
 6826.871000000000 (28.75000000000000,-66.12000274658203) 5.000000000000000E-02 2.500000000000000E-02
 10240.03000000000 (22.44000053405762,-66.20999908447266) 5.000000000000000E-02 2.500000000000000E-02
 13653.00000000000 (18.40999984741211,-65.11000061035156) 5.000000000000000E-02 2.500000000000000E-02
 39 0.4904955873963849
 2.500000000000000E-02 (4515.000000000000,-28.52000045776367) 5.000000000000000E-02 2.500000000000000E-02
 3.570154000000000E-02 (5001.000000000000,-36.54999923706055) 5.000000000000000E-02 2.500000000000000E-02
 5.000000000000000E-02 (4973.000000000000,-43.77999877929687) 5.000000000000000E-02 2.500000000000000E-02
 7.137759000000000E-02 (4513.000000000000,-49.79000091552734) 5.000000000000000E-02 2.500000000000000E-02
 9.990010000000001E-02 (3934.000000000000,-53.20999908447266) 5.000000000000000E-02 2.500000000000000E-02
 0.1427959000000000 (3412.000000000000,-54.59999847412109) 5.000000000000000E-02 2.500000000000000E-02
 0.1998801000000000 (3104.000000000000,-54.75000000000000) 5.000000000000000E-02 2.500000000000000E-02
 0.2857143000000000 (2945.000000000000,-55.22000122070313) 5.000000000000000E-02 2.500000000000000E-02
 0.4000000000000000 (2843.000000000000,-57.04000091552734) 5.000000000000000E-02 2.500000000000000E-02
 0.5714286000000000 (2646.000000000000,-60.52000045776367) 5.000000000000000E-02 2.500000000000000E-02
 0.8000000000000000 (2324.000000000000,-64.37999725341797) 5.000000000000000E-02 2.500000000000000E-02
 1.142857000000000 (1900.000000000000,-67.94999694824219) 5.000000000000000E-02 2.500000000000000E-02
 1.600000000000000 (1514.000000000000,-70.16999816894531) 5.000000000000000E-02 2.500000000000000E-02
 2.285714000000000 (1177.000000000000,-71.27999877929687) 5.000000000000000E-02 2.500000000000000E-02
 3.200000000000000 (935.4000244140625,-71.51000213623047) 5.000000000000000E-02 2.500000000000000E-02
 4.570384000000000 (739.7000122070313,-71.37999725341797) 5.000000000000000E-02 2.500000000000000E-02
 6.402049000000000 (591.5999755859375,-71.01000213623047) 5.000000000000000E-02 2.500000000000000E-02
 9.140768000000000 (463.7000122070313,-69.98999786376953) 5.000000000000000E-02 2.500000000000000E-02
 12.80000000000000 (369.7999877929687,-68.05999755859375) 5.000000000000000E-02 2.500000000000000E-02
 18.28588000000000 (297.8999938964844,-64.94000244140625) 5.000000000000000E-02 2.500000000000000E-02
 25.60033000000000 (251.3000030517578,-61.27999877929687) 5.000000000000000E-02 2.500000000000000E-02
 40.00000000000000 (198.3999938964844,-56.93999862670898) 5.000000000000000E-02 2.500000000000000E-02
 53.33333000000000 (188.8000030517578,-55.45999908447266) 5.000000000000000E-02 2.500000000000000E-02
 80.00000000000000 (180.1000061035156,-53.75000000000000) 5.000000000000000E-02 2.500000000000000E-02
 106.6701000000000 (177.5000000000000,-53.22000122070313) 5.000000000000000E-02 2.500000000000000E-02
 160.0000000000000 (173.8999938964844,-53.97999954223633) 5.000000000000000E-02 2.500000000000000E-02
 213.3288000000000 (167.6999969482422,-55.36000061035156) 5.000000000000000E-02 2.500000000000000E-02
 320.0000000000000 (152.8999938964844,-57.63999938964844) 5.000000000000000E-02 2.500000000000000E-02
 426.6758000000000 (140.1999969482422,-59.18000030517578) 5.000000000000000E-02 2.500000000000000E-02
 640.0000000000000 (121.1999969482422,-61.22000122070313) 5.000000000000000E-02 2.500000000000000E-02
 853.3151000000000 (107.4000015258789,-62.50999832153320) 5.000000000000000E-02 2.500000000000000E-02
 1280.000000000000 (88.69000244140625,-63.65999984741211) 5.000000000000000E-02 2.500000000000000E-02
 1706.689000000000 (77.44000244140625,-63.93000030517578) 5.000000000000000E-02 2.500000000000000E-02
 2559.967000000000 (65.05999755859375,-64.08000183105469) 5.000000000000000E-02 2.500000000000000E-02
 3413.319000000000 (57.77000045776367,-64.50000000000000) 5.000000000000000E-02 2.500000000000000E-02
 5120.066000000000 (47.61999893188477,-65.56999969482422) 5.000000000000000E-02 2.500000000000000E-02
 6826.871000000000 (40.20999908447266,-66.08999633789063) 5.000000000000000E-02 2.500000000000000E-02
 10240.03000000000 (30.53000068664551,-65.29000091552734) 5.000000000000000E-02 2.500000000000000E-02
 13653.00000000000 (24.94000053405762,-63.11000061035156) 5.000000000000000E-02 2.500000000000000E-02
 39 0.1986792517503610
 2.500000000000000E-02 (2561.000000000000,-23.87000083923340) 5.000000000000000E-02 2.500000000000000E-02
 3.570154000000000E-02 (3043.000000000000,-31.70999908447266) 5.000000000000000E-02 2.500000000000000E-02
 5.000000000000000E-02 (3244.000000000000,-39.72000122070313) 5.000000000000000E-02 2.500000000000000E-02
 7.137759000000000E-02 (3096.000000000000,-47.56999969482422) 5.000000000000000E-02 2.500000000000000E-02
 9.990010000000001E-02 (2710.000000000000,-53.20999908447266) 5.000000000000000E-02 2.500000000000000E-02
 0.1427959000000000 (2228.000000000000,-56.56000137329102) 5.000000000000000E-02 2.500000000000000E-02
 0.1998801000000000 (1842.000000000000,-57.09999847412109) 5.000000000000000E-02 2.500000000000000E-02
 0.2857143000000000 (1568.000000000000,-55.41999816894531) 5.000000000000000E-02 2.500000000000000E-02
 0.4000000000000000 (1445.000000000000,-52.81000137329102) 5.000000000000000E-02 2.500000000000000E-02
 0.5714286000000000 (1433.000000000000,-50.58000183105469) 5.000000000000000E-02 2.500000000000000E-02
 0.8000000000000000 (1487.000000000000,-50.31999969482422) 5.000000000000000E-02 2.500000000000000E-02
 1.142857000000000 (1528.000000000000,-52.45000076293945) 5.000000000000000E-02 2.500000000000000E-02
 1.600000000000000 (1478.000000000000,-56.08000183105469) 5.000000000000000E-02 2.500000000000000E-02
 2.285714000000000 (1309.000000000000,-60.18999862670898) 5.000000000000000E-02 2.500000000000000E-02
 3.200000000000000 (1091.000000000000,-63.02000045776367) 5.000000000000000E-02 2.500000000000000E-02
 4.570384000000000 (864.0999755859375,-64.09999847412109) 5.000000000000000E-02 2.500000000000000E-02
 6.402049000000000 (693.7000122070313,-63.06999969482422) 5.000000000000000E-02 2.500000000000000E-02
 9.140768000000000 (571.0999755859375,-60.11000061035156) 5.000000000000000E-02 2.500000000000000E-02
 12.80000000000000 (506.1000061035156,-56.36000061035156) 5.000000000000000E-02 2.500000000000000E-02
 18.28588000000000 (477.8999938964844,-52.59000015258789) 5.000000000000000E-02 2.500000000000000E-02
 25.60033000000000 (471.2999877929687,-50.11999893188477) 5.000000000000000E-02 2.500000000000000E-02
 40.00000000000000 (475.2999877929687,-48.22999954223633) 5.000000000000000E-02 2.500000000000000E-02
 53.33333000000000 (490.3999938964844,-47.90000152587891) 5.000000000000000E-02 2.500000000000000E-02
 80.00000000000000 (508.7999877929687,-48.75999832153320) 5.000000000000000E-02 2.500000000000000E-02
 106.6701000000000 (514.2000122070313,-50.34999847412109) 5.000000000000000E-02 2.500000000000000E-02
 160.0000000000000 (498.0000000000000,-53.59999847412109) 5.000000000000000E-02 2.500000000000000E-02
 213.3288000000000 (468.3999938964844,-56.04999923706055) 5.000000000000000E-02 2.500000000000000E-02
 320.0000000000000 (413.0000000000000,-59.11999893188477) 5.000000000000000E-02 2.500000000000000E-02
 426.6758000000000 (370.7000122070313,-61.04999923706055) 5.000000000000000E-02 2.500000000000000E-02
 640.0000000000000 (309.5000000000000,-63.45999908447266) 5.000000000000000E-02 2.500000000000000E-02
 853.3151000000000 (266.5000000000000,-64.73000335693359) 5.000000000000000E-02 2.500000000000000E-02
 1280.000000000000 (212.6999969482422,-65.44999694824219) 5.000000000000000E-02 2.500000000000000E-02
 1706.689000000000 (182.1000061035156,-65.23000335693359) 5.000000000000000E-02 2.500000000000000E-02
 2559.967000000000 (149.6000061035156,-64.37999725341797) 5.000000000000000E-02 2.500000000000000E-02
 3413.319000000000 (132.1999969482422,-63.70000076293945) 5.000000000000000E-02 2.500000000000000E-02
 5120.066000000000 (112.8000030517578,-62.99000167846680) 5.000000000000000E-02 2.500000000000000E-02
 6826.871000000000 (101.0000000000000,-62.81999969482422) 5.000000000000000E-02 2.500000000000000E-02
 10240.03000000000 (84.58000183105469,-62.90000152587891) 5.000000000000000E-02 2.500000000000000E-02
 13653.00000000000 (72.62999725341797,-62.63999938964844) 5.000000000000000E-02 2.500000000000000E-02
