TITLE  MODEL_ID# 2_RMS=       1.2673
MODE_TYPE               tm
NUMBER_OF_RESPONSE       2
NUMBER_OF_PERIOD        31
      1.0000      1.2589      1.5849      1.9953      2.5119      3.1623      3.9811
      5.0119      6.3096      7.9433     10.0000     12.5893     15.8489     19.9526
     25.1189     31.6228     39.8107     50.1187     63.0957     79.4328    100.0000
    125.8925    158.4893    199.5262    251.1886    316.2278    398.1072    501.1872
    630.9573    794.3282   1000.0000
NUMBER_OF_STATION       36
   295000.00   298000.00   301000.00   304000.00   307000.00   310000.00   313000.00
   316000.00   319000.00   322000.00   325000.00   328000.00   331000.00   334000.00
   337000.00   340000.00   343000.00   346000.00   349000.00   352000.00   355000.00
   358000.00   361000.00   364000.00   367000.00   370000.00   373000.00   376000.00
   379000.00   382000.00   385000.00   388000.00   391000.00   394000.00   397000.00
   400000.00
DATA_RESPONSE_NO_1      app   
      1.0000     92.7989     93.3102     94.4968     95.8989     96.0077     96.6768     96.9977
                 98.0107     97.4946     96.9240     96.7016     96.1595     95.3875     95.2038
                 95.5390     95.1202     95.8539     95.5610     95.5548     96.0440     96.3828
                 96.3174     95.3738     95.2213     95.7196     95.0160     95.0259     94.7511
                 94.2325     94.4300     94.7072     94.1903     94.5672     93.2213     92.0793
                 92.2518
      1.2589     90.0075     90.0901     91.1960     92.7890     93.2362     94.1881     94.7257
                 95.7842     95.4300     94.8918     94.6360     94.0720     93.3127     93.1251
                 93.4173     93.1556     93.9036     93.7694     93.8663     94.3426     94.6373
                 94.5218     93.5863     93.3363     93.5772     92.8179     92.6409     92.2584
                 91.6741     91.7385     91.8015     91.1639     91.3319     89.8899     89.0099
                 89.5431
      1.5849     88.0022     87.6778     88.6138     90.2474     90.8604     91.9447     92.5888
                 93.6429     93.4485     92.9943     92.7866     92.2879     91.6126     91.4671
                 91.7359     91.6089     92.3401     92.3166     92.4826     92.9336     93.1900
                 93.0448     92.1431     91.8331     91.8660     91.0806     90.7436     90.2630
                 89.6135     89.5525     89.4287     88.7183     88.7623     87.3106     86.7407
                 87.6041
      1.9953     87.1463     86.4471     87.1438     88.6861     89.2952     90.3559     90.9802
                 91.9620     91.9040     91.5663     91.4747     91.1174     90.5886     90.5256
                 90.7865     90.7673     91.4478     91.4818     91.6768     92.0860     92.3077
                 92.1562     91.3214     91.0024     90.8949     90.1326     89.6875     89.1467
                 88.4615     88.3126     88.0517     87.3242     87.3235     85.9192     85.6781
                 86.8223
      2.5119     87.7621     86.7238     87.1370     88.4891     88.9495     89.8481     90.3319
                 91.1686     91.2079     90.9963     91.0648     90.9017     90.5624     90.6094
                 90.8696     90.9294     91.5260     91.5657     91.7503     92.1012     92.2928
                 92.1600     91.4287     91.1594     90.9891     90.3138     89.8288     89.2861
                 88.6146     88.4334     88.0946     87.4027     87.4234     86.0931     86.1771
                 87.5455
      3.1623     90.1018     88.7650     88.8762     89.9700     90.1626     90.7841     91.0232
                 91.6490     91.7422     91.6494     91.9037     91.9678     91.8428     92.0156
                 92.2756     92.3853     92.8672     92.8657     93.0035     93.2821     93.4502
                 93.3610     92.7667     92.6051     92.4496     91.9281     91.4738     90.9936
                 90.3890     90.2341     89.8738     89.2627     89.3609     88.1146     88.5117
                 90.0500
      3.9811     94.3198     92.7103     92.5148     93.3231     93.1750     93.4439     93.3585
                 93.7177     93.8188     93.8237     94.2654     94.5638     94.6562     94.9551
                 95.2064     95.3391     95.6821     95.6017     95.6672     95.8650     96.0168
                 95.9944     95.5698     95.5706     95.4998     95.1956     94.8402     94.4854
                 94.0028     93.9337     93.6027     93.1065     93.3176     92.1359     92.8233
                 94.4880
      5.0119    100.4615     98.6029     98.1059     98.6180     98.0776     97.9427     97.4754
                 97.5289     97.6017     97.6830     98.3101     98.8433     99.1491     99.5699
                 99.8019     99.9327    100.1157     99.9248     99.8960    100.0067    100.1491
                100.2124     99.9816    100.1894    100.2604    100.2249    100.0229     99.8446
                 99.5268     99.5903     99.3257     98.9660     99.3165     98.1774     99.1387
                100.8987
      6.3096    108.4486    106.3579    105.5716    105.7929    104.8286    104.2589    103.3718
                103.0954    103.1159    103.2579    104.0701    104.8381    105.3526    105.8910
                106.0934    106.2024    106.2078    105.8794    105.7373    105.7535    105.8894
                106.0500    106.0273    106.4738    106.7271    106.9975    106.9871    107.0220
                106.8987    107.1286    106.9549    106.7441    107.2507    106.1264    107.3463
                109.1789
      7.9433    118.0834    115.7732    114.7108    114.6548    113.2530    112.2373    110.9109
                110.2953    110.2524    110.4482    111.4497    112.4553    113.1762    113.8297
                113.9946    114.0662    113.8795    113.3905    113.1175    113.0297    113.1554
                113.4149    113.6031    114.3052    114.7638    115.3606    115.5638    115.8330
                115.9209    116.3379    116.2670    116.2068    116.8765    115.7378    117.2042
                119.0948
     10.0000    129.0485    126.5308    125.2044    124.8863    123.0432    121.5814    119.8095
                118.8564    118.7488    118.9992    120.1985    121.4476    122.3757    123.1444
                123.2670    123.2889    122.8991    122.2299    121.8098    121.6065    121.7136
                122.0660    122.4582    123.4196    124.0914    125.0197    125.4440    125.9545
                126.2571    126.8684    126.9014    126.9856    127.8182    126.6402    128.3439
                130.2824
     12.5893    140.8959    138.1877    136.6236    136.0654    133.7775    131.8643    129.6419
                128.3565    128.1915    128.5050    129.9164    131.4215    132.5636    133.4514
                133.5282    133.4903    132.8834    132.0124    131.4255    131.0897    131.1647
                131.5977    132.1807    133.3960    134.2771    135.5323    136.1718    136.9162
                137.4252    138.2272    138.3604    138.5860    139.5828    138.3448    140.2673
                142.2361
     15.8489    153.0723    150.1920    148.4096    147.6342    144.9229    142.5825    139.9294
                138.3321    138.1224    138.5093    140.1436    141.9119    143.2714    144.2808
                144.3118    144.2077    143.3770    142.2898    141.5190    141.0329    141.0548
                141.5449    142.2923    143.7393    144.8110    146.3720    147.2112    148.1759
                148.8783    149.8612    150.0838    150.4344    151.5798    150.2617    152.3833
                154.3677
     19.9526    165.0699    162.0510    160.0828    159.1174    156.0143    153.2831    150.2367
                148.3631    148.1339    148.6126    150.4848    152.5265    154.1090    155.2434
                155.2303    155.0555    153.9948    152.6795    151.7082    151.0522    150.9972
                151.5158    152.3941    154.0403    155.2734    157.1078    158.1185    159.2768
                160.1455    161.2825    161.5695    162.0175    163.2846    161.8685    164.1614
                166.1372
     25.1189    176.5881    173.4694    171.3537    170.2312    166.7728    163.6893    160.2914
                158.1829    157.9656    158.5605    160.6881    163.0146    164.8263    166.0888
                166.0330    165.7826    164.4866    162.9328    161.7467    160.9044    160.7518
                161.2727    162.2508    164.0638    165.4273    167.4986    168.6477    169.9642
                170.9640    172.2208    172.5431    173.0599    174.4209    172.8890    175.3178
                177.2539
     31.6228    187.4895    184.2690    182.0184    180.7853    177.0263    173.6305    169.9119
                167.5944    167.4068    168.1372    170.5246    173.1368    175.1819    176.5788
                176.4892    176.1727    174.6568    172.8672    171.4714    170.4377    170.1715
                170.6734    171.7262    173.6784    175.1395    177.4115    178.6751    180.1173
                181.2273    182.5872    182.9317    183.5035    184.9380    183.2641    185.7916
                187.6722
     39.8107    197.6157    194.3378    191.9741    190.6139    186.5593    182.8728    178.8609
                176.3517    176.1893    177.0383    179.6714    182.5542    184.8177    186.3389
                186.2176    185.8320    184.0995    182.0848    180.4785    179.2569    178.8783
                179.3546    180.4679    182.5415    184.0955    186.5549    187.9230    189.4924
                190.7063    192.1602    192.5218    193.1340    194.6266    192.8298    195.4536
                197.2698
     50.1187    206.3287    202.9957    200.5278    199.0547    194.7356    190.7838    186.5053
                183.8199    183.6742    184.6240    187.4650    190.5774    193.0254    194.6477
                194.4895    194.0356    192.1061    189.8863    188.0912    186.7005    186.2198
                186.6729    187.8419    190.0255    191.6648    194.2952    195.7641    197.4516
                198.7660    200.3116    200.6986    201.3595    202.9140    201.0170    203.7259
                205.4835
     63.0957    212.6893    209.3200    206.7653    205.1903    200.6546    196.4832    191.9867
                189.1527    189.0126    190.0357    193.0328    196.3194    198.9070    200.6015
                200.4063    199.8902    197.7957    195.4070    193.4554    191.9240    191.3570
                191.7883    193.0019    195.2726    196.9831    199.7548    201.3126    203.1043
                204.5108    206.1393    206.5592    207.2717    208.8830    206.9225    209.7007
                211.4048
     79.4328    215.9867    212.6090    209.9897    208.3209    203.6228    199.2913    194.6497
                191.7165    191.5809    192.6507    195.7435    199.1404    201.8180    203.5570
                203.3352    202.7780    200.5703    198.0701    196.0115    194.3793    193.7468
                194.1548    195.3922    197.7130    199.4675    202.3365    203.9588    205.8259
                207.3001    208.9833    209.4275    210.1813    211.8339    209.8526    212.6742
                214.3214
    100.0000    216.1111    212.7610    210.1124    208.3877    203.6207    199.2122    194.5012
                191.5146    191.3825    192.4832    195.6259    199.0792    201.8029    203.5563
                203.3090    202.7139    200.4272    197.8525    195.7198    194.0176    193.3350
                193.7203    194.9682    197.3081    199.0826    201.9996    203.6587    205.5699
                207.0887    208.8066    209.2759    210.0624    211.7317    209.7568    212.5844
                214.1708
    125.8925    213.5739    210.2871    207.6467    205.9005    201.1388    196.7227    192.0129
                189.0195    188.8948    190.0119    193.1612    196.6222    199.3530    201.0973
                200.8301    200.2085    197.8811    195.2725    193.1019    191.3606    190.6434
                191.0057    192.2498    194.5802    196.3528    199.2787    200.9531    202.8822
                204.4245    206.1549    206.6426    207.4497    209.1148    207.1689    209.9678
                211.4843
    158.4893    208.8304    205.6418    203.0471    201.3085    196.6100    192.2405    187.5889
                184.6272    184.5128    185.6325    188.7513    192.1784    194.8827    196.5976
                196.3147    195.6756    193.3388    190.7304    188.5527    186.7994    186.0636
                186.4055    187.6357    189.9350    191.6895    194.5927    196.2635    198.1875
                199.7335    201.4563    201.9566    202.7756    204.4213    202.5255    205.2679
                206.7064
    199.5262    201.7724    198.7136    196.1979    194.4932    189.9163    185.6481    181.1115
                178.2184    178.1127    179.2171    182.2631    185.6099    188.2505    189.9139
                189.6202    188.9741    186.6627    184.0915    181.9400    180.2035    179.4654
                179.7884    180.9928    183.2367    184.9548    187.8003    189.4477    191.3425
                192.8730    194.5687    195.0782    195.9020    197.5141    195.6933    198.3525
                199.7094
    251.1886    191.8823    188.9878    186.5849    184.9390    180.5457    176.4349    172.0734
                169.2871    169.1848    170.2512    173.1730    176.3845    178.9188    180.5061
                180.2094    179.5697    177.3261    174.8360    172.7496    171.0631    170.3402
                170.6450    171.8083    173.9664    175.6252    178.3698    179.9694    181.8049
                183.2962    184.9421    185.4587    186.2815    187.8461    186.1333    188.6781
                189.9501
    316.2278    178.9050    176.2102    173.9507    172.3842    168.2361    164.3374    160.2097
                157.5652    157.4553    158.4565    161.1967    164.2129    166.5958    168.0822
                167.7933    167.1767    165.0483    162.6872    160.7081    159.1063    158.4155
                158.7001    159.8036    161.8407    163.4135    166.0094    167.5353    169.2804
                170.7099    172.2849    172.8094    173.6273    175.1291    173.5599    175.9548
                177.1373
    398.1072    163.3288    160.8599    158.7677    157.2934    153.4509    149.8280    146.0000
                143.5352    143.4076    144.3107    146.8115    149.5713    151.7538    153.1108
                152.8369    152.2592    150.2905    148.1103    146.2804    144.7990    144.1584
                144.4203    145.4435    147.3238    148.7848    151.1894    152.6175    154.2510
                155.6011    157.0857    157.6138    158.4131    159.8291    158.4331    160.6514
                161.7422
    501.1872    146.3201    144.0878    142.1791    140.8175    137.3264    134.0233    130.5372
                128.2780    128.1300    128.9198    131.1486    133.6162    135.5702    136.7817
                136.5274    135.9990    134.2189    132.2493    130.5955    129.2562    128.6760
                128.9131    129.8429    131.5447    132.8759    135.0608    136.3750    137.8784
                139.1342    140.5132    141.0375    141.8064    143.1198    141.9052    143.9250
                144.9215
    630.9573    129.2405    127.2453    125.5228    124.2888    121.1620    118.1846    115.0413
                112.9881    112.8182    113.4965    115.4507    117.6244    119.3518    120.4228
                120.1957    119.7249    118.1451    116.3915    114.9207    113.7259    113.2035
                113.4110    114.2410    115.7572    116.9496    118.9047    120.1009    121.4668
                122.6261    123.8998    124.4211    125.1583    126.3650    125.3197    127.1267
                128.0243
    794.3282    113.0493    111.2833    109.7449    108.6166    105.8530    103.2442    100.4986
                 98.6954     98.5252     99.0822    100.7563    102.6231    104.1013    105.0117
                104.7974    104.3783    102.9942    101.4742    100.1961     99.1615     98.7150
                 98.9030     99.6338    100.9654    102.0250    103.7599    104.8325    106.0670
                107.1131    108.2496    108.7211    109.3779    110.4509    109.5791    111.2067
                112.0175
   1000.0000     98.3548     96.8023     95.4444     94.4360     91.9987     89.6946     87.2764
                 85.6816     85.5160     85.9872     87.4334     89.0512     90.3325     91.1194
                 90.9258     90.5555     89.3420     88.0132     86.8956     85.9910     85.6023
                 85.7696     86.4140     87.5831     88.5182     90.0468     90.9988     92.0946
                 93.0288     94.0417     94.4781     95.0794     96.0410     95.3085     96.7481
                 97.4681
DATA_RESPONSE_NO_2      phsdeg
      1.0000     47.0176     47.6430     47.6083     47.2284     46.7844     46.4651     46.2510
                 46.2926     46.1019     46.1078     46.1765     46.2186     46.2059     46.2150
                 46.3227     46.0905     46.1127     45.8962     45.7800     45.8463     45.9289
                 45.9884     45.9164     45.9838     46.3237     46.3015     46.5040     46.5531
                 46.5381     46.6036     46.8175     46.9076     47.1924     47.5294     47.3137
                 46.8467
      1.2589     46.0512     46.6806     46.7588     46.5186     46.2086     46.0024     45.8748
                 45.9552     45.7647     45.7241     45.7221     45.6874     45.6105     45.5803
                 45.6698     45.4561     45.5073     45.3327     45.2438     45.3186     45.3960
                 45.4373     45.3421     45.3789     45.6759     45.6265     45.8058     45.8488
                 45.8357     45.9065     46.1146     46.1798     46.4043     46.6452     46.3415
                 45.8795
      1.5849     44.7165     45.3276     45.5105     45.4205     45.2669     45.2002     45.1827
                 45.3203     45.1423     45.0609     44.9885     44.8751     44.7324     44.6625
                 44.7365     44.5480     44.6353     44.5116     44.4586     44.5473     44.6203
                 44.6391     44.5121     44.5048     44.7420     44.6482     44.7848     44.8015
                 44.7705     44.8255     45.0066     45.0297     45.1840     45.3327     44.9639
                 44.5364
      1.9953     43.0613     43.6312     43.8994     43.9530     43.9589     44.0398     44.1427
                 44.3488     44.1963     44.0857     43.9529     43.7698     43.5692     43.4655
                 43.5287     43.3711     43.4977     43.4295     43.4171     43.5224     43.5913
                 43.5853     43.4212     43.3608     43.5248     43.3734     43.4502     43.4220
                 43.3548     43.3753     43.5122     43.4838     43.5672     43.6358     43.2303
                 42.8631
      2.5119     41.1891     41.6979     42.0239     42.1985     42.3472     42.5646     42.7821
                 43.0575     42.9402     42.8147     42.6381     42.4027     42.1597     42.0330
                 42.0913     41.9683     42.1330     42.1196     42.1477     42.2692     42.3339
                 42.3028     42.1017     41.9857     42.0708     41.8565     41.8640     41.7800
                 41.6657     41.6406     41.7244     41.6440     41.6637     41.6700     41.2568
                 40.9673
      3.1623     39.2467     39.6815     40.0326     40.2932     40.5541     40.8830     41.1968
                 41.5327     41.4546     41.3278     41.1263     40.8592     40.5923     40.4544
                 40.5128     40.4246     40.6223     40.6582     40.7229     40.8584     40.9189
                 40.8660     40.6338     40.4674     40.4777     40.2050     40.1443     40.0040
                 39.8418     39.7689     39.7983     39.6718     39.6399     39.6043     39.2112
                 39.0073
      3.9811     37.4038     37.7582     38.1084     38.4195     38.7532     39.1556     39.5352
                 39.9119     39.8709     39.7517     39.5420     39.2635     38.9910     38.8535
                 38.9156     38.8613     39.0830     39.1597     39.2540     39.3991     39.4557
                 39.3865     39.1334     38.9285     38.8753     38.5591     38.4408     38.2542
                 38.0534     37.9406     37.9244     37.7667     37.7000     37.6406     37.2841
                 37.1608
      5.0119     35.8164     36.0919     36.4198     36.7490     37.1183     37.5569     37.9701
                 38.3643     38.3526     38.2448     38.0382     37.7630     37.4983     37.3688
                 37.4350     37.4103     37.6463     37.7539     37.8706     38.0214     38.0760
                 37.9984     37.7382     37.5110     37.4120     37.0724     36.9139     36.6972
                 36.4730     36.3337     36.2846     36.1112     36.0252     35.9564     35.6466
                 35.5929
      6.3096     34.6044     34.8083     35.1007     35.4224     35.7962     36.2382     36.6554
                 37.0448     37.0520     36.9549     36.7578     36.4954     36.2466     36.1288
                 36.1976     36.1968     36.4374     36.5662     36.6982     36.8520     36.9072
                 36.8299     36.5768     36.3444     36.2191     35.8767     35.6973     35.4687
                 35.2376     35.0863     35.0180     34.8430     34.7508     34.6836     34.4240
                 34.4255
      7.9433     33.8363     33.9786     34.2298     34.5285     34.8852     35.3071     35.7060
                 36.0727     36.0888     35.9999     35.8145     35.5695     35.3405     35.2354
                 35.3043     35.3215     35.5586     35.7002     35.8417     35.9961     36.0544
                 35.9850     35.7507     35.5277     35.3933     35.0659     34.8825     34.6578
                 34.4340     34.2836     34.2084     34.0427     33.9537     33.8939     33.6821
                 33.7243
     10.0000     33.5350     33.6262     33.8358     34.1038     34.4313     34.8193     35.1862
                 35.5190     35.5361     35.4524     35.2789     35.0525     34.8441     34.7509
                 34.8177     34.8475     35.0756     35.2235     35.3699     35.5235     35.5865
                 35.5301     35.3223     35.1190     34.9882     34.6877     34.5129     34.3034
                 34.0972     33.9570     33.8837     33.7341     33.6538     33.6040     33.4350
                 33.5055
     12.5893     33.6834     33.7350     33.9055     34.1374     34.4280     34.7747     35.1030
                 35.3976     35.4110     35.3302     35.1677     34.9594     34.7703     34.6872
                 34.7498     34.7877     35.0032     35.1533     35.3017     35.4542     35.5238
                 35.4841     35.3072     35.1296     35.0113     34.7444     34.5855     34.3975
                 34.2130     34.0867     34.0192     33.8879     33.8192     33.7825     33.6524
                 33.7421
     15.8489     34.2257     34.2460     34.3812     34.5781     34.8305     35.1331     35.4193
                 35.6729     35.6786     35.5984     35.4455     35.2538     35.0822     35.0078
                 35.0652     35.1076     35.3088     35.4572     35.6050     35.7554     35.8315
                 35.8092     35.6641     35.5147     35.4136     35.1828     35.0445     34.8812
                 34.7216     34.6130     34.5557     34.4450     34.3899     34.3658     34.2684
                 34.3702
     19.9526     35.0796     35.0753     35.1797     35.3444     35.5607     35.8212     36.0663
                 36.2800     36.2763     36.1956     36.0509     35.8740     35.7182     35.6510
                 35.7028     35.7474     35.9336     36.0780     36.2229     36.3698     36.4510
                 36.4445     36.3290     36.2068     36.1238     35.9279     35.8110     35.6728
                 35.5383     35.4482     35.4027     35.3119     35.2699     35.2569     35.1866
                 35.2957
     25.1189     36.1672     36.1475     36.2281     36.3639     36.5471     36.7699     36.9792
                 37.1589     37.1481     37.0680     36.9325     36.7705     36.6294     36.5688
                 36.6152     36.6600     36.8304     36.9686     37.1079     37.2493     37.3330
                 37.3390     37.2485     37.1497     37.0831     36.9182     36.8202     36.7043
                 36.5911     36.5161     36.4797     36.4048     36.3730     36.3694     36.3208
                 36.4321
     31.6228     37.4583     37.4263     37.4882     37.6047     37.7648     37.9591     38.1404
                 38.2935     38.2797     38.2040     38.0792     37.9322     37.8056     37.7515
                 37.7928     37.8369     37.9923     38.1220     38.2536     38.3863     38.4678
                 38.4804     38.4079     38.3264     38.2706     38.1296     38.0462     37.9471
                 37.8511     37.7882     37.7583     37.6957     37.6703     37.6697     37.6343
                 37.7429
     39.8107     38.9699     38.9363     38.9881     39.0890     39.2286     39.3980     39.5560
                 39.6886     39.6764     39.6094     39.4997     39.3712     39.2613     39.2154
                 39.2534     39.2960     39.4357     39.5550     39.6761     39.7978     39.8749
                 39.8910     39.8321     39.7634     39.7151     39.5924     39.5179     39.4299
                 39.3442     39.2873     39.2593     39.2038     39.1811     39.1811     39.1540
                 39.2543
     50.1187     40.7364     40.7042     40.7490     40.8389     40.9636     41.1143     41.2547
                 41.3719     41.3631     41.3056     41.2105     41.0992     41.0046     40.9662
                 41.0014     41.0422     41.1677     41.2767     41.3871     41.4975     41.5683
                 41.5851     41.5357     41.4761     41.4324     41.3238     41.2559     41.1760
                 41.0981     41.0449     41.0163     40.9644     40.9409     40.9381     40.9143
                 41.0035
     63.0957     42.7382     42.7091     42.7491     42.8301     42.9425     43.0775     43.2030
                 43.3073     43.3018     43.2530     43.1710     43.0749     42.9937     42.9617
                 42.9940     43.0327     43.1449     43.2438     43.3438     43.4431     43.5072
                 43.5236     43.4815     43.4291     43.3889     43.2921     43.2296     43.1565
                 43.0849     43.0345     43.0049     42.9552     42.9301     42.9235     42.9010
                 42.9782
     79.4328     44.8860     44.8636     44.9029     44.9764     45.0761     45.1960     45.3086
                 45.4022     45.3998     45.3580     45.2871     45.2043     45.1348     45.1086
                 45.1386     45.1751     45.2749     45.3637     45.4526     45.5399     45.5960
                 45.6095     45.5713     45.5236     45.4860     45.4000     45.3430     45.2770
                 45.2120     45.1644     45.1346     45.0877     45.0627     45.0544     45.0329
                 45.0981
    100.0000     47.0866     47.0684     47.1052     47.1713     47.2595     47.3657     47.4664
                 47.5504     47.5507     47.5153     47.4540     47.3825     47.3228     47.3011
                 47.3286     47.3628     47.4519     47.5321     47.6120     47.6899     47.7402
                 47.7523     47.7186     47.6755     47.6401     47.5625     47.5091     47.4474
                 47.3862     47.3397     47.3085     47.2631     47.2374     47.2267     47.2054
                 47.2600
    125.8925     49.2966     49.2815     49.3152     49.3746     49.4542     49.5503     49.6421
                 49.7187     49.7215     49.6918     49.6389     49.5771     49.5256     49.5077
                 49.5332     49.5654     49.6454     49.7183     49.7903     49.8598     49.9043
                 49.9144     49.8834     49.8433     49.8090     49.7378     49.6870     49.6289
                 49.5707     49.5249     49.4919     49.4468     49.4193     49.4059     49.3844
                 49.4296
    158.4893     51.5593     51.5477     51.5793     51.6338     51.7072     51.7962     51.8817
                 51.9533     51.9595     51.9358     51.8911     51.8381     51.7941     51.7796
                 51.8034     51.8337     51.9057     51.9720     52.0369     52.0987     52.1378
                 52.1455     52.1162     52.0780     52.0441     51.9778     51.9286     51.8729
                 51.8166     51.7705     51.7349     51.6889     51.6586     51.6417     51.6189
                 51.6548
    199.5262     53.9480     53.9409     53.9722     54.0242     54.0941     54.1791     54.2615
                 54.3309     54.3419     54.3246     54.2879     54.2433     54.2060     54.1945
                 54.2167     54.2450     54.3097     54.3701     54.4285     54.4833     54.5173
                 54.5227     54.4945     54.4575     54.4233     54.3607     54.3122     54.2577
                 54.2020     54.1543     54.1151     54.0667     54.0324     54.0110     53.9858
                 54.0119
    251.1886     56.4756     56.4742     56.5074     56.5593     56.6286     56.7129     56.7955
                 56.8657     56.8830     56.8729     56.8442     56.8073     56.7760     56.7669
                 56.7873     56.8137     56.8717     56.9267     56.9792     57.0279     57.0574
                 57.0604     57.0329     56.9965     56.9616     56.9015     56.8527     56.7983
                 56.7418     56.6912     56.6471     56.5949     56.5557     56.5291     56.5002
                 56.5161
    316.2278     59.0530     59.0582     59.0952     59.1491     59.2193     59.3037     59.3874
                 59.4599     59.4848     59.4832     59.4633     59.4345     59.4095     59.4029
                 59.4219     59.4461     59.4977     59.5469     59.5936     59.6364     59.6618
                 59.6629     59.6362     59.6007     59.5652     59.5067     59.4568     59.4008
                 59.3419     59.2873     59.2377     59.1815     59.1375     59.1054     59.0721
                 59.0779
    398.1072     61.5232     61.5358     61.5771     61.6333     61.7029     61.7853     61.8682
                 61.9422     61.9744     61.9818     61.9712     61.9515     61.9335     61.9304
                 61.9485     61.9707     62.0161     62.0590     62.0997     62.1365     62.1579
                 62.1575     62.1321     62.0979     62.0620     62.0050     61.9540     61.8956
                 61.8339     61.7753     61.7212     61.6623     61.6150     61.5780     61.5402
                 61.5364
    501.1872     63.7263     63.7453     63.7905     63.8471     63.9150     63.9955     64.0783
                 64.1539     64.1923     64.2066     64.2038     64.1915     64.1789     64.1784
                 64.1955     64.2157     64.2555     64.2934     64.3290     64.3611     64.3797
                 64.3787     64.3545     64.3218     64.2862     64.2308     64.1786     64.1186
                 64.0544     63.9922     63.9340     63.8726     63.8225     63.7827     63.7421
                 63.7308
    630.9573     65.5700     65.5945     65.6446     65.7031     65.7655     65.8366     65.9119
                 65.9842     66.0270     66.0490     66.0548     66.0517     66.0471     66.0513
                 66.0684     66.0874     66.1214     66.1524     66.1819     66.2079     66.2232
                 66.2217     66.2000     66.1701     66.1355     66.0827     66.0301     65.9677
                 65.9019     65.8382     65.7794     65.7205     65.6721     65.6300     65.5852
                 65.5665
    794.3282     67.0302     67.0597     67.1096     67.1715     67.2390     67.3099     67.3783
                 67.4419     67.4795     67.5022     67.5114     67.5126     67.5133     67.5216
                 67.5415     67.5615     67.5953     67.6235     67.6493     67.6707     67.6798
                 67.6734     67.6490     67.6172     67.5810     67.5281     67.4785     67.4213
                 67.3630     67.3080     67.2562     67.2004     67.1498     67.1007     67.0499
                 67.0257
   1000.0000     68.1356     68.1679     68.2182     68.2793     68.3459     68.4159     68.4834
                 68.5463     68.5845     68.6083     68.6195     68.6227     68.6248     68.6335
                 68.6529     68.6718     68.7036     68.7300     68.7540     68.7738     68.7820
                 68.7755     68.7520     68.7211     68.6859     68.6346     68.5861     68.5303
                 68.4729     68.4184     68.3663     68.3100     68.2586     68.2089     68.1574
                 68.1302
