ITERATION#   1 OVERALL RMS =       4.6811
 TM Apparent Resistivity : RMS =       5.2042
 TM Apparent Resistivity : RMS BY SITES 
      5.4377      5.0786      5.0534      5.0476      4.9811      4.9247      4.8571
      4.8402      4.9044      5.0067      5.1504      5.2947      5.3924      5.4080
      5.5231      5.4531      5.2668      5.2386      5.1280      5.0444      4.9795
      5.0471      5.0326      5.0029      5.0086      5.2039      5.1419      5.3408
      5.3332      5.4043      5.5476      5.5332      5.3702      5.5005      5.1829
      5.5355
 TM Apparent Resistivity : RMS BY PERIODS
      3.1554      2.3186      1.3324      1.0125      2.1122      2.9025      3.2746
      3.0233      2.6593      1.8090      1.0029      0.5134      0.9717      1.4795
      2.0084      2.1253      2.1630      2.4682      3.0053      4.1611      5.6361
      7.3658      8.9608     10.0443     10.5897     10.6270      9.4567      8.1830
      6.7325      5.3628      2.3563
 TM Phase                : RMS =       4.0916
 TM Phase                : RMS BY SITES 
      4.8157      4.9152      4.6813      4.1752      4.2392      3.9115      3.8577
      3.8551      3.8584      3.9517      3.9377      4.0000      3.8234      4.0245
      3.8921      3.9593      3.7616      3.9863      3.5235      3.8406      3.7280
      3.8853      3.7213      3.6812      3.9214      3.6607      3.9713      4.0777
      4.0357      3.8531      4.2316      4.1470      4.3638      4.4993      4.9362
      4.9664
 TM Phase                : RMS BY PERIODS
      2.3852      3.1905      3.6684      3.6179      2.8438      1.8780      0.8651
      0.8204      1.8108      2.5026      3.0260      3.1797      3.2131      3.0579
      2.7522      2.7725      3.0929      3.4869      4.1643      4.7035      5.0968
      4.5529      3.5289      1.9761      1.0268      2.5845      4.7828      6.4238
      7.6660      8.3936      8.6280
