MTU to V5 Calibration File Converter - Version C0 
  -1,     0.1875,   1,
                       0.3060,-1.0548, 0.0000,  0.00000, 1.0977, 0.0001,
                       0.3082,-1.0625, 0.0000,  0.00000, 1.1057, 0.0001,
                       0.3052,-1.0523, 0.0000,  0.00000, 1.0950, 0.0001,
                       0.3057,-1.0539, 0.0000,  0.00000, 1.0967, 0.0001,
                       0.3047,-1.0506, 0.0000,  0.00000, 1.0933, 0.0001,

  -1,     0.5625,   3,
                      -0.8245, 0.7289, 0.0000,  0.00000, 1.0978, 0.0002,
                      -0.8305, 0.7342, 0.0000,  0.00000, 1.1058, 0.0002,
                      -0.8225, 0.7270, 0.0000,  0.00000, 1.0951, 0.0002,
                      -0.8239, 0.7282, 0.0000,  0.00000, 1.0969, 0.0002,
                      -0.8213, 0.7259, 0.0000,  0.00000, 1.0934, 0.0002,

  -1,     0.9375,   5,
                       1.0886,-0.1749, 0.0000,  0.00000, 1.0978, 0.0003,
                       1.0965,-0.1761, 0.0001,  0.00000, 1.1058, 0.0003,
                       1.0859,-0.1744, 0.0000,  0.00000, 1.0951, 0.0003,
                       1.0877,-0.1747, 0.0000,  0.00000, 1.0968, 0.0003,
                       1.0842,-0.1742, 0.0000,  0.00000, 1.0933, 0.0003,

  -1,      1.313,   7,
                      -1.0180,-0.4368, 0.0001,  0.00000, 1.0977, 0.0004,
                      -1.0254,-0.4400, 0.0001,  0.00000, 1.1057, 0.0004,
                      -1.0155,-0.4359, 0.0000,  0.00000, 1.0950, 0.0005,
                      -1.0170,-0.4365, 0.0000,  0.00000, 1.0967, 0.0005,
                      -1.0139,-0.4351, 0.0000,  0.00000, 1.0933, 0.0004,

  -1,      1.688,   9,
                       0.6297, 0.9188, 0.0001,  0.00000, 1.0978, 0.0005,
                       0.6343, 0.9255, 0.0001,  0.00000, 1.1058, 0.0005,
                       0.6280, 0.9166, 0.0000,  0.00000, 1.0951, 0.0007,
                       0.6290, 0.9181, 0.0000,  0.00000, 1.0968, 0.0007,
                       0.6270, 0.9151, 0.0000,  0.00000, 1.0933, 0.0007,

  -1,      2.063,  11,
                      -0.0406,-1.1201, 0.0001,  0.00000, 1.0975, 0.0007,
                      -0.0409,-1.1282, 0.0000,  0.00000, 1.1055, 0.0007,
                      -0.0403,-1.1174, 0.0000,  0.00000, 1.0948, 0.0008,
                      -0.0404,-1.1191, 0.0001,  0.00000, 1.0965, 0.0008,
                      -0.0403,-1.1156, 0.0000,  0.00000, 1.0931, 0.0008,

  -1,      2.438,  13,
                      -0.5702, 0.9768, 0.0001,  0.00000, 1.0978, 0.0008,
                      -0.5744, 0.9839, 0.0001,  0.00000, 1.1058, 0.0008,
                      -0.5689, 0.9743, 0.0000,  0.00000, 1.0951, 0.0009,
                      -0.5698, 0.9758, 0.0000,  0.00000, 1.0968, 0.0010,
                      -0.5680, 0.9728, 0.0001,  0.00000, 1.0934, 0.0008,

  -1,      2.813,  15,
                       1.0134,-0.5248, 0.0002,  0.00000, 1.0977, 0.0009,
                       1.0208,-0.5285, 0.0002,  0.00000, 1.1057, 0.0009,
                       1.0110,-0.5233, 0.0001,  0.00000, 1.0949, 0.0011,
                       1.0124,-0.5242, 0.0000,  0.00000, 1.0965, 0.0010,
                       1.0094,-0.5225, 0.0001,  0.00000, 1.0932, 0.0011,

  -1,      3.188,  17,
                      -1.1495,-0.1000, 0.0002,  0.00000, 1.0976, 0.0010,
                      -1.1579,-0.1008, 0.0001,  0.00000, 1.1056, 0.0010,
                      -1.1466,-0.0999, 0.0000,  0.00000, 1.0949, 0.0011,
                      -1.1486,-0.1002, 0.0001,  0.00000, 1.0967, 0.0012,
                      -1.1448,-0.0998, 0.0001,  0.00000, 1.0931, 0.0011,

  -1,      3.563,  19,
                       0.9295, 0.7087, 0.0002,  0.00000, 1.0978, 0.0011,
                       0.9363, 0.7139, 0.0001,  0.00000, 1.1058, 0.0012,
                       0.9270, 0.7071, 0.0001,  0.00000, 1.0951, 0.0014,
                       0.9286, 0.7082, 0.0001,  0.00000, 1.0969, 0.0013,
                       0.9256, 0.7060, 0.0001,  0.00000, 1.0934, 0.0013,

  -1,      3.938,  21,
                      -0.4113,-1.1103, 0.0002,  0.00000, 1.0975, 0.0013,
                      -0.4143,-1.1184, 0.0003,  0.00000, 1.1055, 0.0013,
                      -0.4101,-1.1078, 0.0001,  0.00000, 1.0949, 0.0014,
                      -0.4106,-1.1094, 0.0001,  0.00000, 1.0964, 0.0015,
                      -0.4095,-1.1059, 0.0001,  0.00000, 1.0930, 0.0014,

  -1,      4.313,  23,
                      -0.2505, 1.1764, 0.0001,  0.00000, 1.0978, 0.0013,
                      -0.2525, 1.1850, 0.0004,  0.00000, 1.1058, 0.0014,
                      -0.2501, 1.1734, 0.0000,  0.00000, 1.0951, 0.0015,
                      -0.2506, 1.1751, 0.0001,  0.00000, 1.0966, 0.0016,
                      -0.2497, 1.1716, 0.0000,  0.00000, 1.0934, 0.0015,

  -1,      4.688,  25,
                       0.8551,-0.8740, 0.0003,  0.00000, 1.0977, 0.0015,
                       0.8614,-0.8804, 0.0001,  0.00000, 1.1057, 0.0016,
                       0.8531,-0.8717, 0.0001,  0.00000, 1.0949, 0.0016,
                       0.8545,-0.8729, 0.0003,  0.00000, 1.0966, 0.0018,
                       0.8517,-0.8705, 0.0001,  0.00000, 1.0933, 0.0015,

  -1,      5.063,  27,
                      -1.2111, 0.2858, 0.0001,  0.00000, 1.0978, 0.0016,
                      -1.2199, 0.2878, 0.0001,  0.00000, 1.1057, 0.0016,
                      -1.2082, 0.2849, 0.0002,  0.00000, 1.0951, 0.0018,
                      -1.2102, 0.2851, 0.0002,  0.00000, 1.0968, 0.0020,
                      -1.2063, 0.2844, 0.0003,  0.00000, 1.0934, 0.0018,

  -1,      5.438,  29,
                       1.1997, 0.4148, 0.0003,  0.00000, 1.0976, 0.0017,
                       1.2085, 0.4179, 0.0002,  0.00000, 1.1057, 0.0018,
                       1.1968, 0.4143, 0.0001,  0.00000, 1.0951, 0.0021,
                       1.1985, 0.4147, 0.0001,  0.00000, 1.0966, 0.0019,
                       1.1949, 0.4135, 0.0002,  0.00000, 1.0934, 0.0020,

  -1,      5.813,  31,
                      -0.8077,-1.0126, 0.0003,  0.00000, 1.0976, 0.0018,
                      -0.8135,-1.0200, 0.0003,  0.00000, 1.1056, 0.0019,
                      -0.8054,-1.0102, 0.0001,  0.00000, 1.0948, 0.0021,
                      -0.8064,-1.0121, 0.0001,  0.00000, 1.0965, 0.0024,
                      -0.8041,-1.0087, 0.0002,  0.00000, 1.0931, 0.0021,

  -1,      6.188,  33,
                       0.1436, 1.3166, 0.0002,  0.00000, 1.0976, 0.0020,
                       0.1447, 1.3262, 0.0000,  0.00000, 1.1056, 0.0020,
                       0.1428, 1.3134, 0.0002,  0.00000, 1.0949, 0.0024,
                       0.1432, 1.3155, 0.0001,  0.00000, 1.0966, 0.0022,
                       0.1426, 1.3115, 0.0002,  0.00000, 1.0932, 0.0023,

  -1,      6.563,  35,
                       0.5973,-1.2179, 0.0002,  0.00000, 1.0977, 0.0021,
                       0.6017,-1.2268, 0.0005,  0.00000, 1.1057, 0.0022,
                       0.5959,-1.2148, 0.0001,  0.00000, 1.0950, 0.0022,
                       0.5971,-1.2164, 0.0002,  0.00000, 1.0965, 0.0025,
                       0.5952,-1.2128, 0.0004,  0.00000, 1.0932, 0.0024,

  -1,      6.938,  37,
                      -1.1847, 0.7268, 0.0003,  0.00000, 1.0977, 0.0022,
                      -1.1935, 0.7320, 0.0008,  0.00000, 1.1058, 0.0023,
                      -1.1822, 0.7244, 0.0001,  0.00000, 1.0950, 0.0027,
                      -1.1838, 0.7258, 0.0003,  0.00000, 1.0967, 0.0025,
                      -1.1802, 0.7237, 0.0003,  0.00000, 1.0933, 0.0024,

  -1,      7.313,  39,
                       1.4277, 0.0206, 0.0003,  0.00000, 1.0976, 0.0024,
                       1.4382, 0.0209, 0.0004,  0.00000, 1.1057, 0.0025,
                       1.4239, 0.0209, 0.0002,  0.00000, 1.0947, 0.0027,
                       1.4264, 0.0211, 0.0002,  0.00000, 1.0967, 0.0028,
                       1.4221, 0.0208, 0.0002,  0.00000, 1.0934, 0.0026,

  -1,      7.688,  41,
                      -1.2285,-0.8031, 0.0003,  0.00000, 1.0978, 0.0024,
                      -1.2374,-0.8091, 0.0005,  0.00000, 1.1058, 0.0026,
                      -1.2253,-0.8015, 0.0003,  0.00000, 1.0951, 0.0027,
                      -1.2271,-0.8029, 0.0002,  0.00000, 1.0969, 0.0029,
                      -1.2235,-0.8004, 0.0002,  0.00000, 1.0935, 0.0028,

  -1,      8.063,  43,
                       0.6262, 1.3756, 0.0005,  0.00000, 1.0976, 0.0026,
                       0.6307, 1.3856, 0.0001,  0.00000, 1.1056, 0.0026,
                       0.6243, 1.3724, 0.0002,  0.00000, 1.0949, 0.0028,
                       0.6254, 1.3748, 0.0004,  0.00000, 1.0968, 0.0029,
                       0.6234, 1.3701, 0.0001,  0.00000, 1.0931, 0.0027,

  -1,      8.438,  45,
                       0.2136,-1.5440, 0.0007,  0.00000, 1.0977, 0.0027,
                       0.2152,-1.5553, 0.0007,  0.00000, 1.1057, 0.0028,
                       0.2136,-1.5402, 0.0003,  0.00000, 1.0950, 0.0031,
                       0.2141,-1.5425, 0.0000,  0.00000, 1.0967, 0.0032,
                       0.2130,-1.5381, 0.0002,  0.00000, 1.0935, 0.0029,

  -1,      8.813,  47,
                      -1.0396, 1.2291, 0.0007,  0.00000, 1.0977, 0.0028,
                      -1.0472, 1.2380, 0.0003,  0.00000, 1.1056, 0.0029,
                      -1.0375, 1.2256, 0.0002,  0.00000, 1.0949, 0.0032,
                      -1.0392, 1.2272, 0.0003,  0.00000, 1.0965, 0.0034,
                      -1.0359, 1.2239, 0.0003,  0.00000, 1.0933, 0.0032,

  -1,      9.188,  49,
                       1.5765,-0.4948, 0.0005,  0.00000, 1.1019, 0.0029,
                       1.5881,-0.4983, 0.0005,  0.00000, 1.1099, 0.0031,
                       1.5730,-0.4931, 0.0003,  0.00000, 1.0993, 0.0033,
                       1.5752,-0.4937, 0.0004,  0.00000, 1.1008, 0.0034,
                       1.5705,-0.4919, 0.0002,  0.00000, 1.0975, 0.0036,

  -1,      9.563,  51,
                      -1.5127,-0.4032, 0.0002,  0.00000, 1.1035, 0.0031,
                      -1.5238,-0.4063, 0.0001,  0.00000, 1.1116, 0.0032,
                      -1.5089,-0.4029, 0.0002,  0.00000, 1.1009, 0.0035,
                      -1.5111,-0.4037, 0.0003,  0.00000, 1.1025, 0.0037,
                      -1.5065,-0.4020, 0.0002,  0.00000, 1.0991, 0.0034,

  -1,      9.938,  53,
                       0.8167, 0.8843, 0.0007,  0.00000, 1.1074, 0.0032,
                       0.8227, 0.8908, 0.0002,  0.00000, 1.1156, 0.0033,
                       0.8140, 0.8824, 0.0001,  0.00000, 1.1045, 0.0039,
                       0.8159, 0.8840, 0.0002,  0.00000, 1.1068, 0.0035,
                       0.8134, 0.8810, 0.0001,  0.00000, 1.1031, 0.0034,

  -1,      10.31,  55,
                      -0.1203,-0.6573, 0.0001,  0.00000, 1.0979, 0.0033,
                      -0.1212,-0.6621, 0.0002,  0.00000, 1.1060, 0.0034,
                      -0.1195,-0.6555, 0.0002,  0.00000, 1.0948, 0.0041,
                      -0.1199,-0.6565, 0.0000,  0.00000, 1.0966, 0.0039,
                      -0.1197,-0.6547, 0.0001,  0.00000, 1.0936, 0.0036,

  -1,      10.69,  57,
                      -0.0906, 0.2245, 0.0002,  0.00000, 1.0465, 0.0033,
                      -0.0913, 0.2261, 0.0003,  0.00000, 1.0539, 0.0034,
                      -0.0905, 0.2239, 0.0004,  0.00000, 1.0437, 0.0037,
                      -0.0904, 0.2243, 0.0002,  0.00000, 1.0454, 0.0027,
                      -0.0902, 0.2235, 0.0002,  0.00000, 1.0416, 0.0032,

Return Code:       0
