TITLE MODEL_ID# 4_RMS=       0.9895 MODEL_NORM=       9.7938
NY  100
  80000.0000  70000.0000  50000.0000  30000.0000  20000.0000  10000.0000   8000.0000
   7000.0000   5000.0000   5000.0000   3000.0000   2000.0000   2000.0000   1500.0000
   1500.0000   1500.0000   1500.0000   1500.0000   1500.0000   1500.0000   1500.0000
   1500.0000   1500.0000   1500.0000   1500.0000   1500.0000   1500.0000   1500.0000
   1500.0000   1500.0000   1500.0000   1500.0000   1500.0000   1500.0000   1500.0000
   1500.0000   1500.0000   1500.0000   1500.0000   1500.0000   1500.0000   1500.0000
   1500.0000   1500.0000   1500.0000   1500.0000   1500.0000   1500.0000   1500.0000
   1500.0000   1500.0000   1500.0000   1500.0000   1500.0000   1500.0000   1500.0000
   1500.0000   1500.0000   1500.0000   1500.0000   1500.0000   1500.0000   1500.0000
   1500.0000   1500.0000   1500.0000   1500.0000   1500.0000   1500.0000   1500.0000
   1500.0000   1500.0000   1500.0000   1500.0000   1500.0000   1500.0000   1500.0000
   1500.0000   1500.0000   1500.0000   1500.0000   1500.0000   1500.0000   1500.0000
   1500.0000   1500.0000   1500.0000   2000.0000   2000.0000   3000.0000   5000.0000
   5000.0000   7000.0000   8000.0000  10000.0000  20000.0000  30000.0000  50000.0000
  70000.0000  80000.0000
NZB  31
     10.0000     30.0000     60.0000    100.0000    200.0000    300.0000    500.0000
    800.0000   1000.0000   2000.0000   2000.0000   3000.0000   3000.0000   3000.0000
   4000.0000   4000.0000   5000.0000   5000.0000   8000.0000   8000.0000  10000.0000
  10000.0000  20000.0000  30000.0000  40000.0000  40000.0000  50000.0000  70000.0000
  70000.0000  80000.0000  80000.0000
NZA  10
     10.0000     30.0000    100.0000    300.0000   1000.0000   3000.0000  10000.0000
  30000.0000 100000.0000 300000.0000
RESISTIVITY_MODEL 
  0.1013E+03  0.1014E+03  0.1014E+03  0.1014E+03  0.1014E+03  0.1013E+03  0.1012E+03
  0.1011E+03  0.1011E+03  0.1011E+03  0.1013E+03  0.1016E+03  0.1020E+03  0.1025E+03
  0.1028E+03  0.1031E+03  0.1035E+03  0.1033E+03  0.1028E+03  0.1025E+03  0.1024E+03
  0.1021E+03  0.1018E+03  0.1016E+03  0.1016E+03  0.1015E+03  0.1012E+03  0.1012E+03
  0.1015E+03  0.1015E+03  0.1012E+03  0.1012E+03  0.1013E+03  0.1015E+03  0.1015E+03
  0.1017E+03  0.1017E+03  0.1018E+03  0.1018E+03  0.1019E+03  0.1018E+03  0.1019E+03
  0.1022E+03  0.1022E+03  0.1018E+03  0.1018E+03  0.1021E+03  0.1020E+03  0.1017E+03
  0.1016E+03  0.1016E+03  0.1016E+03  0.1017E+03  0.1018E+03  0.1019E+03  0.1019E+03
  0.1020E+03  0.1020E+03  0.1018E+03  0.1017E+03  0.1017E+03  0.1018E+03  0.1023E+03
  0.1023E+03  0.1020E+03  0.1020E+03  0.1022E+03  0.1022E+03  0.1021E+03  0.1020E+03
  0.1019E+03  0.1018E+03  0.1017E+03  0.1017E+03  0.1019E+03  0.1018E+03  0.1016E+03
  0.1016E+03  0.1019E+03  0.1021E+03  0.1023E+03  0.1026E+03  0.1027E+03  0.1029E+03
  0.1028E+03  0.1027E+03  0.1024E+03  0.1020E+03  0.1016E+03  0.1013E+03  0.1011E+03
  0.1011E+03  0.1011E+03  0.1012E+03  0.1013E+03  0.1014E+03  0.1014E+03  0.1014E+03
  0.1013E+03  0.1013E+03
  0.1013E+03  0.1015E+03  0.1016E+03  0.1016E+03  0.1015E+03  0.1013E+03  0.1011E+03
  0.1009E+03  0.1008E+03  0.1008E+03  0.1013E+03  0.1018E+03  0.1027E+03  0.1037E+03
  0.1042E+03  0.1048E+03  0.1056E+03  0.1052E+03  0.1044E+03  0.1037E+03  0.1035E+03
  0.1030E+03  0.1023E+03  0.1020E+03  0.1019E+03  0.1017E+03  0.1012E+03  0.1012E+03
  0.1017E+03  0.1018E+03  0.1012E+03  0.1012E+03  0.1014E+03  0.1017E+03  0.1018E+03
  0.1021E+03  0.1022E+03  0.1024E+03  0.1024E+03  0.1024E+03  0.1023E+03  0.1025E+03
  0.1032E+03  0.1032E+03  0.1024E+03  0.1023E+03  0.1029E+03  0.1028E+03  0.1022E+03
  0.1019E+03  0.1018E+03  0.1019E+03  0.1022E+03  0.1023E+03  0.1024E+03  0.1025E+03
  0.1027E+03  0.1027E+03  0.1023E+03  0.1022E+03  0.1020E+03  0.1023E+03  0.1032E+03
  0.1033E+03  0.1027E+03  0.1026E+03  0.1031E+03  0.1032E+03  0.1029E+03  0.1027E+03
  0.1025E+03  0.1023E+03  0.1022E+03  0.1022E+03  0.1025E+03  0.1024E+03  0.1020E+03
  0.1020E+03  0.1025E+03  0.1030E+03  0.1033E+03  0.1039E+03  0.1042E+03  0.1045E+03
  0.1043E+03  0.1040E+03  0.1036E+03  0.1027E+03  0.1018E+03  0.1013E+03  0.1009E+03
  0.1008E+03  0.1009E+03  0.1011E+03  0.1013E+03  0.1015E+03  0.1016E+03  0.1016E+03
  0.1014E+03  0.1013E+03
  0.1014E+03  0.1016E+03  0.1020E+03  0.1020E+03  0.1018E+03  0.1013E+03  0.1009E+03
  0.1005E+03  0.1003E+03  0.1003E+03  0.1011E+03  0.1022E+03  0.1038E+03  0.1054E+03
  0.1062E+03  0.1073E+03  0.1087E+03  0.1081E+03  0.1068E+03  0.1056E+03  0.1053E+03
  0.1044E+03  0.1031E+03  0.1025E+03  0.1024E+03  0.1020E+03  0.1012E+03  0.1011E+03
  0.1021E+03  0.1021E+03  0.1012E+03  0.1012E+03  0.1015E+03  0.1020E+03  0.1022E+03
  0.1027E+03  0.1029E+03  0.1032E+03  0.1032E+03  0.1033E+03  0.1031E+03  0.1035E+03
  0.1045E+03  0.1045E+03  0.1032E+03  0.1030E+03  0.1040E+03  0.1038E+03  0.1028E+03
  0.1023E+03  0.1022E+03  0.1023E+03  0.1028E+03  0.1030E+03  0.1032E+03  0.1034E+03
  0.1037E+03  0.1036E+03  0.1031E+03  0.1028E+03  0.1026E+03  0.1031E+03  0.1045E+03
  0.1048E+03  0.1037E+03  0.1037E+03  0.1044E+03  0.1045E+03  0.1041E+03  0.1037E+03
  0.1034E+03  0.1031E+03  0.1029E+03  0.1029E+03  0.1034E+03  0.1033E+03  0.1027E+03
  0.1027E+03  0.1036E+03  0.1043E+03  0.1049E+03  0.1059E+03  0.1062E+03  0.1069E+03
  0.1065E+03  0.1058E+03  0.1053E+03  0.1038E+03  0.1022E+03  0.1011E+03  0.1004E+03
  0.1004E+03  0.1006E+03  0.1010E+03  0.1014E+03  0.1018E+03  0.1019E+03  0.1019E+03
  0.1016E+03  0.1014E+03
  0.1014E+03  0.1020E+03  0.1026E+03  0.1026E+03  0.1022E+03  0.1014E+03  0.1007E+03
  0.9982E+02  0.9951E+02  0.9940E+02  0.1007E+03  0.1024E+03  0.1050E+03  0.1074E+03
  0.1084E+03  0.1101E+03  0.1120E+03  0.1113E+03  0.1097E+03  0.1080E+03  0.1075E+03
  0.1061E+03  0.1043E+03  0.1033E+03  0.1030E+03  0.1023E+03  0.1012E+03  0.1012E+03
  0.1024E+03  0.1025E+03  0.1013E+03  0.1013E+03  0.1015E+03  0.1023E+03  0.1026E+03
  0.1033E+03  0.1036E+03  0.1041E+03  0.1040E+03  0.1042E+03  0.1040E+03  0.1045E+03
  0.1059E+03  0.1058E+03  0.1041E+03  0.1038E+03  0.1051E+03  0.1047E+03  0.1034E+03
  0.1027E+03  0.1025E+03  0.1026E+03  0.1033E+03  0.1036E+03  0.1040E+03  0.1042E+03
  0.1047E+03  0.1045E+03  0.1037E+03  0.1033E+03  0.1032E+03  0.1039E+03  0.1058E+03
  0.1062E+03  0.1049E+03  0.1048E+03  0.1058E+03  0.1059E+03  0.1054E+03  0.1049E+03
  0.1044E+03  0.1039E+03  0.1037E+03  0.1037E+03  0.1045E+03  0.1043E+03  0.1035E+03
  0.1036E+03  0.1050E+03  0.1061E+03  0.1068E+03  0.1082E+03  0.1085E+03  0.1093E+03
  0.1087E+03  0.1077E+03  0.1072E+03  0.1050E+03  0.1025E+03  0.1008E+03  0.9951E+02
  0.9964E+02  0.9998E+02  0.1008E+03  0.1014E+03  0.1022E+03  0.1025E+03  0.1024E+03
  0.1019E+03  0.1014E+03
  0.1016E+03  0.1025E+03  0.1035E+03  0.1035E+03  0.1029E+03  0.1015E+03  0.1003E+03
  0.9886E+02  0.9824E+02  0.9786E+02  0.9976E+02  0.1022E+03  0.1057E+03  0.1088E+03
  0.1097E+03  0.1119E+03  0.1141E+03  0.1134E+03  0.1121E+03  0.1100E+03  0.1094E+03
  0.1076E+03  0.1053E+03  0.1040E+03  0.1034E+03  0.1024E+03  0.1013E+03  0.1012E+03
  0.1024E+03  0.1025E+03  0.1012E+03  0.1013E+03  0.1014E+03  0.1023E+03  0.1027E+03
  0.1036E+03  0.1039E+03  0.1045E+03  0.1044E+03  0.1047E+03  0.1046E+03  0.1052E+03
  0.1066E+03  0.1064E+03  0.1047E+03  0.1043E+03  0.1055E+03  0.1050E+03  0.1036E+03
  0.1027E+03  0.1025E+03  0.1025E+03  0.1033E+03  0.1037E+03  0.1042E+03  0.1045E+03
  0.1050E+03  0.1048E+03  0.1039E+03  0.1034E+03  0.1034E+03  0.1042E+03  0.1063E+03
  0.1068E+03  0.1056E+03  0.1055E+03  0.1065E+03  0.1066E+03  0.1061E+03  0.1055E+03
  0.1049E+03  0.1044E+03  0.1042E+03  0.1042E+03  0.1051E+03  0.1049E+03  0.1042E+03
  0.1045E+03  0.1062E+03  0.1076E+03  0.1083E+03  0.1099E+03  0.1098E+03  0.1106E+03
  0.1099E+03  0.1085E+03  0.1084E+03  0.1057E+03  0.1023E+03  0.9988E+02  0.9806E+02
  0.9847E+02  0.9913E+02  0.1005E+03  0.1016E+03  0.1029E+03  0.1033E+03  0.1033E+03
  0.1024E+03  0.1015E+03
  0.1017E+03  0.1032E+03  0.1049E+03  0.1050E+03  0.1040E+03  0.1017E+03  0.9984E+02
  0.9747E+02  0.9628E+02  0.9525E+02  0.9765E+02  0.1007E+03  0.1047E+03  0.1078E+03
  0.1081E+03  0.1104E+03  0.1121E+03  0.1116E+03  0.1115E+03  0.1099E+03  0.1093E+03
  0.1075E+03  0.1054E+03  0.1039E+03  0.1029E+03  0.1019E+03  0.1011E+03  0.1009E+03
  0.1017E+03  0.1018E+03  0.1009E+03  0.1010E+03  0.1008E+03  0.1016E+03  0.1020E+03
  0.1029E+03  0.1030E+03  0.1036E+03  0.1034E+03  0.1037E+03  0.1039E+03  0.1043E+03
  0.1051E+03  0.1050E+03  0.1039E+03  0.1035E+03  0.1042E+03  0.1036E+03  0.1026E+03
  0.1017E+03  0.1014E+03  0.1014E+03  0.1020E+03  0.1024E+03  0.1029E+03  0.1032E+03
  0.1036E+03  0.1033E+03  0.1025E+03  0.1022E+03  0.1025E+03  0.1032E+03  0.1047E+03
  0.1052E+03  0.1046E+03  0.1046E+03  0.1052E+03  0.1052E+03  0.1050E+03  0.1045E+03
  0.1038E+03  0.1034E+03  0.1035E+03  0.1035E+03  0.1043E+03  0.1043E+03  0.1040E+03
  0.1046E+03  0.1063E+03  0.1075E+03  0.1077E+03  0.1088E+03  0.1080E+03  0.1086E+03
  0.1080E+03  0.1065E+03  0.1071E+03  0.1046E+03  0.1008E+03  0.9790E+02  0.9563E+02
  0.9668E+02  0.9792E+02  0.1002E+03  0.1019E+03  0.1039E+03  0.1046E+03  0.1046E+03
  0.1031E+03  0.1017E+03
  0.1020E+03  0.1043E+03  0.1069E+03  0.1071E+03  0.1057E+03  0.1022E+03  0.9936E+02
  0.9575E+02  0.9371E+02  0.9159E+02  0.9411E+02  0.9722E+02  0.1008E+03  0.1033E+03
  0.1028E+03  0.1045E+03  0.1047E+03  0.1046E+03  0.1062E+03  0.1057E+03  0.1056E+03
  0.1044E+03  0.1033E+03  0.1021E+03  0.1010E+03  0.1003E+03  0.1002E+03  0.9990E+02
  0.9986E+02  0.9995E+02  0.9976E+02  0.9999E+02  0.9935E+02  0.9972E+02  0.9986E+02
  0.1005E+03  0.1004E+03  0.1007E+03  0.1003E+03  0.1007E+03  0.1011E+03  0.1012E+03
  0.1010E+03  0.1010E+03  0.1011E+03  0.1008E+03  0.1006E+03  0.9997E+02  0.9984E+02
  0.9942E+02  0.9909E+02  0.9889E+02  0.9921E+02  0.9943E+02  0.9988E+02  0.1000E+03
  0.1001E+03  0.9987E+02  0.9939E+02  0.9944E+02  0.9998E+02  0.1002E+03  0.1004E+03
  0.1008E+03  0.1012E+03  0.1014E+03  0.1012E+03  0.1010E+03  0.1012E+03  0.1011E+03
  0.1006E+03  0.1004E+03  0.1008E+03  0.1008E+03  0.1012E+03  0.1014E+03  0.1019E+03
  0.1026E+03  0.1037E+03  0.1042E+03  0.1033E+03  0.1035E+03  0.1020E+03  0.1023E+03
  0.1023E+03  0.1010E+03  0.1026E+03  0.1008E+03  0.9751E+02  0.9456E+02  0.9222E+02
  0.9435E+02  0.9646E+02  0.9991E+02  0.1025E+03  0.1055E+03  0.1065E+03  0.1064E+03
  0.1042E+03  0.1020E+03
  0.1024E+03  0.1058E+03  0.1098E+03  0.1100E+03  0.1081E+03  0.1030E+03  0.9902E+02
  0.9386E+02  0.9063E+02  0.8695E+02  0.8905E+02  0.9157E+02  0.9390E+02  0.9548E+02
  0.9439E+02  0.9474E+02  0.9314E+02  0.9289E+02  0.9549E+02  0.9642E+02  0.9723E+02
  0.9744E+02  0.9792E+02  0.9771E+02  0.9718E+02  0.9711E+02  0.9780E+02  0.9750E+02
  0.9664E+02  0.9671E+02  0.9735E+02  0.9773E+02  0.9668E+02  0.9644E+02  0.9615E+02
  0.9632E+02  0.9580E+02  0.9576E+02  0.9528E+02  0.9564E+02  0.9600E+02  0.9558E+02
  0.9446E+02  0.9469E+02  0.9605E+02  0.9604E+02  0.9511E+02  0.9462E+02  0.9550E+02
  0.9580E+02  0.9566E+02  0.9535E+02  0.9526E+02  0.9522E+02  0.9542E+02  0.9532E+02
  0.9509E+02  0.9489E+02  0.9487E+02  0.9528E+02  0.9589E+02  0.9534E+02  0.9412E+02
  0.9427E+02  0.9554E+02  0.9582E+02  0.9477E+02  0.9430E+02  0.9483E+02  0.9506E+02
  0.9494E+02  0.9507E+02  0.9566E+02  0.9561E+02  0.9554E+02  0.9583E+02  0.9678E+02
  0.9730E+02  0.9727E+02  0.9641E+02  0.9443E+02  0.9359E+02  0.9211E+02  0.9263E+02
  0.9362E+02  0.9309E+02  0.9494E+02  0.9408E+02  0.9211E+02  0.8980E+02  0.8794E+02
  0.9161E+02  0.9490E+02  0.9981E+02  0.1034E+03  0.1077E+03  0.1091E+03  0.1090E+03
  0.1056E+03  0.1024E+03
  0.1029E+03  0.1077E+03  0.1135E+03  0.1138E+03  0.1113E+03  0.1044E+03  0.9909E+02
  0.9234E+02  0.8785E+02  0.8271E+02  0.8417E+02  0.8600E+02  0.8725E+02  0.8871E+02
  0.8797E+02  0.8732E+02  0.8434E+02  0.8322E+02  0.8511E+02  0.8642E+02  0.8781E+02
  0.8925E+02  0.9120E+02  0.9229E+02  0.9273E+02  0.9345E+02  0.9461E+02  0.9439E+02
  0.9324E+02  0.9330E+02  0.9439E+02  0.9489E+02  0.9384E+02  0.9316E+02  0.9253E+02
  0.9226E+02  0.9159E+02  0.9131E+02  0.9089E+02  0.9111E+02  0.9128E+02  0.9052E+02
  0.8918E+02  0.8963E+02  0.9160E+02  0.9190E+02  0.9081E+02  0.9058E+02  0.9202E+02
  0.9295E+02  0.9316E+02  0.9291E+02  0.9261E+02  0.9234E+02  0.9225E+02  0.9194E+02
  0.9156E+02  0.9145E+02  0.9172E+02  0.9227E+02  0.9263E+02  0.9146E+02  0.8946E+02
  0.8930E+02  0.9071E+02  0.9091E+02  0.8948E+02  0.8877E+02  0.8927E+02  0.8972E+02
  0.8991E+02  0.9020E+02  0.9065E+02  0.9035E+02  0.8982E+02  0.8988E+02  0.9059E+02
  0.9047E+02  0.8928E+02  0.8747E+02  0.8526E+02  0.8447E+02  0.8418E+02  0.8571E+02
  0.8774E+02  0.8771E+02  0.8875E+02  0.8780E+02  0.8685E+02  0.8527E+02  0.8409E+02
  0.8920E+02  0.9375E+02  0.1001E+03  0.1048E+03  0.1108E+03  0.1125E+03  0.1125E+03
  0.1075E+03  0.1028E+03
  0.1035E+03  0.1102E+03  0.1183E+03  0.1189E+03  0.1157E+03  0.1065E+03  0.9970E+02
  0.9118E+02  0.8511E+02  0.7939E+02  0.8015E+02  0.8173E+02  0.8453E+02  0.8695E+02
  0.8775E+02  0.8725E+02  0.8379E+02  0.8136E+02  0.8140E+02  0.8166E+02  0.8257E+02
  0.8417E+02  0.8652E+02  0.8834E+02  0.8954E+02  0.9073E+02  0.9193E+02  0.9178E+02
  0.9082E+02  0.9094E+02  0.9203E+02  0.9268E+02  0.9201E+02  0.9144E+02  0.9089E+02
  0.9063E+02  0.9016E+02  0.9002E+02  0.8982E+02  0.9003E+02  0.9009E+02  0.8935E+02
  0.8830E+02  0.8886E+02  0.9071E+02  0.9114E+02  0.9030E+02  0.9024E+02  0.9168E+02
  0.9285E+02  0.9334E+02  0.9327E+02  0.9300E+02  0.9266E+02  0.9241E+02  0.9205E+02
  0.9172E+02  0.9172E+02  0.9208E+02  0.9257E+02  0.9263E+02  0.9127E+02  0.8925E+02
  0.8889E+02  0.8994E+02  0.8997E+02  0.8859E+02  0.8776E+02  0.8803E+02  0.8840E+02
  0.8858E+02  0.8870E+02  0.8871E+02  0.8797E+02  0.8696E+02  0.8644E+02  0.8638E+02
  0.8562E+02  0.8406E+02  0.8240E+02  0.8116E+02  0.8172E+02  0.8334E+02  0.8635E+02
  0.8898E+02  0.8863E+02  0.8782E+02  0.8567E+02  0.8311E+02  0.8175E+02  0.8127E+02
  0.8697E+02  0.9305E+02  0.1011E+03  0.1070E+03  0.1148E+03  0.1170E+03  0.1169E+03
  0.1099E+03  0.1034E+03
  0.1042E+03  0.1131E+03  0.1242E+03  0.1250E+03  0.1211E+03  0.1097E+03  0.1021E+03
  0.9337E+02  0.8814E+02  0.8705E+02  0.9322E+02  0.1007E+03  0.1111E+03  0.1197E+03
  0.1260E+03  0.1290E+03  0.1266E+03  0.1225E+03  0.1191E+03  0.1154E+03  0.1125E+03
  0.1106E+03  0.1098E+03  0.1091E+03  0.1083E+03  0.1078E+03  0.1074E+03  0.1063E+03
  0.1051E+03  0.1050E+03  0.1060E+03  0.1071E+03  0.1076E+03  0.1084E+03  0.1093E+03
  0.1106E+03  0.1117E+03  0.1129E+03  0.1140E+03  0.1150E+03  0.1157E+03  0.1154E+03
  0.1147E+03  0.1149E+03  0.1159E+03  0.1155E+03  0.1141E+03  0.1132E+03  0.1136E+03
  0.1139E+03  0.1139E+03  0.1137E+03  0.1134E+03  0.1131E+03  0.1131E+03  0.1131E+03
  0.1132E+03  0.1138E+03  0.1146E+03  0.1156E+03  0.1162E+03  0.1157E+03  0.1148E+03
  0.1151E+03  0.1166E+03  0.1171E+03  0.1164E+03  0.1159E+03  0.1161E+03  0.1163E+03
  0.1162E+03  0.1158E+03  0.1152E+03  0.1140E+03  0.1126E+03  0.1119E+03  0.1120E+03
  0.1122E+03  0.1124E+03  0.1135E+03  0.1156E+03  0.1198E+03  0.1246E+03  0.1291E+03
  0.1307E+03  0.1268E+03  0.1205E+03  0.1122E+03  0.1022E+03  0.9501E+02  0.8924E+02
  0.9037E+02  0.9557E+02  0.1036E+03  0.1101E+03  0.1197E+03  0.1225E+03  0.1224E+03
  0.1127E+03  0.1041E+03
  0.1049E+03  0.1161E+03  0.1303E+03  0.1316E+03  0.1269E+03  0.1138E+03  0.1063E+03
  0.9965E+02  0.9899E+02  0.1092E+03  0.1289E+03  0.1490E+03  0.1729E+03  0.1938E+03
  0.2098E+03  0.2203E+03  0.2210E+03  0.2158E+03  0.2082E+03  0.1983E+03  0.1884E+03
  0.1795E+03  0.1722E+03  0.1657E+03  0.1598E+03  0.1549E+03  0.1511E+03  0.1475E+03
  0.1447E+03  0.1437E+03  0.1446E+03  0.1463E+03  0.1482E+03  0.1508E+03  0.1541E+03
  0.1578E+03  0.1615E+03  0.1653E+03  0.1686E+03  0.1714E+03  0.1732E+03  0.1735E+03
  0.1726E+03  0.1721E+03  0.1717E+03  0.1696E+03  0.1661E+03  0.1632E+03  0.1615E+03
  0.1600E+03  0.1586E+03  0.1573E+03  0.1563E+03  0.1558E+03  0.1559E+03  0.1564E+03
  0.1573E+03  0.1589E+03  0.1611E+03  0.1636E+03  0.1659E+03  0.1674E+03  0.1685E+03
  0.1708E+03  0.1741E+03  0.1764E+03  0.1773E+03  0.1782E+03  0.1794E+03  0.1805E+03
  0.1810E+03  0.1811E+03  0.1809E+03  0.1803E+03  0.1799E+03  0.1807E+03  0.1830E+03
  0.1861E+03  0.1902E+03  0.1957E+03  0.2026E+03  0.2112E+03  0.2190E+03  0.2235E+03
  0.2211E+03  0.2094E+03  0.1932E+03  0.1729E+03  0.1498E+03  0.1304E+03  0.1114E+03
  0.1014E+03  0.1020E+03  0.1079E+03  0.1141E+03  0.1249E+03  0.1284E+03  0.1282E+03
  0.1157E+03  0.1048E+03
  0.1056E+03  0.1189E+03  0.1363E+03  0.1379E+03  0.1324E+03  0.1187E+03  0.1132E+03
  0.1125E+03  0.1221E+03  0.1511E+03  0.1927E+03  0.2306E+03  0.2712E+03  0.3073E+03
  0.3354E+03  0.3555E+03  0.3619E+03  0.3578E+03  0.3470E+03  0.3306E+03  0.3122E+03
  0.2941E+03  0.2777E+03  0.2625E+03  0.2490E+03  0.2377E+03  0.2286E+03  0.2210E+03
  0.2153E+03  0.2126E+03  0.2127E+03  0.2146E+03  0.2176E+03  0.2222E+03  0.2278E+03
  0.2344E+03  0.2412E+03  0.2479E+03  0.2538E+03  0.2587E+03  0.2619E+03  0.2627E+03
  0.2615E+03  0.2596E+03  0.2570E+03  0.2522E+03  0.2458E+03  0.2398E+03  0.2349E+03
  0.2305E+03  0.2265E+03  0.2232E+03  0.2208E+03  0.2193E+03  0.2190E+03  0.2197E+03
  0.2214E+03  0.2242E+03  0.2280E+03  0.2325E+03  0.2374E+03  0.2418E+03  0.2461E+03
  0.2517E+03  0.2582E+03  0.2639E+03  0.2682E+03  0.2723E+03  0.2766E+03  0.2805E+03
  0.2838E+03  0.2868E+03  0.2896E+03  0.2922E+03  0.2954E+03  0.3002E+03  0.3071E+03
  0.3154E+03  0.3249E+03  0.3357E+03  0.3472E+03  0.3586E+03  0.3663E+03  0.3669E+03
  0.3565E+03  0.3338E+03  0.3050E+03  0.2691E+03  0.2295E+03  0.1927E+03  0.1523E+03
  0.1240E+03  0.1144E+03  0.1145E+03  0.1185E+03  0.1297E+03  0.1342E+03  0.1339E+03
  0.1184E+03  0.1055E+03
  0.1061E+03  0.1210E+03  0.1407E+03  0.1428E+03  0.1362E+03  0.1230E+03  0.1204E+03
  0.1265E+03  0.1472E+03  0.1927E+03  0.2525E+03  0.3031E+03  0.3535E+03  0.3986E+03
  0.4331E+03  0.4585E+03  0.4694E+03  0.4678E+03  0.4570E+03  0.4387E+03  0.4167E+03
  0.3938E+03  0.3719E+03  0.3514E+03  0.3328E+03  0.3169E+03  0.3039E+03  0.2934E+03
  0.2855E+03  0.2813E+03  0.2805E+03  0.2822E+03  0.2856E+03  0.2911E+03  0.2982E+03
  0.3064E+03  0.3149E+03  0.3234E+03  0.3308E+03  0.3370E+03  0.3409E+03  0.3420E+03
  0.3405E+03  0.3376E+03  0.3332E+03  0.3264E+03  0.3179E+03  0.3095E+03  0.3020E+03
  0.2951E+03  0.2889E+03  0.2836E+03  0.2796E+03  0.2770E+03  0.2759E+03  0.2762E+03
  0.2780E+03  0.2812E+03  0.2858E+03  0.2915E+03  0.2979E+03  0.3044E+03  0.3112E+03
  0.3193E+03  0.3284E+03  0.3370E+03  0.3445E+03  0.3519E+03  0.3595E+03  0.3668E+03
  0.3736E+03  0.3802E+03  0.3867E+03  0.3932E+03  0.4004E+03  0.4093E+03  0.4201E+03
  0.4320E+03  0.4446E+03  0.4577E+03  0.4701E+03  0.4804E+03  0.4848E+03  0.4802E+03
  0.4633E+03  0.4333E+03  0.3968E+03  0.3509E+03  0.3009E+03  0.2511E+03  0.1925E+03
  0.1481E+03  0.1275E+03  0.1210E+03  0.1223E+03  0.1329E+03  0.1386E+03  0.1382E+03
  0.1205E+03  0.1060E+03
  0.1064E+03  0.1225E+03  0.1443E+03  0.1469E+03  0.1390E+03  0.1269E+03  0.1271E+03
  0.1392E+03  0.1692E+03  0.2241E+03  0.2940E+03  0.3505E+03  0.4032E+03  0.4508E+03
  0.4861E+03  0.5124E+03  0.5250E+03  0.5257E+03  0.5172E+03  0.5009E+03  0.4802E+03
  0.4577E+03  0.4356E+03  0.4143E+03  0.3948E+03  0.3779E+03  0.3638E+03  0.3524E+03
  0.3440E+03  0.3393E+03  0.3381E+03  0.3398E+03  0.3435E+03  0.3495E+03  0.3571E+03
  0.3661E+03  0.3754E+03  0.3846E+03  0.3928E+03  0.3994E+03  0.4037E+03  0.4050E+03
  0.4035E+03  0.4001E+03  0.3949E+03  0.3871E+03  0.3774E+03  0.3676E+03  0.3585E+03
  0.3499E+03  0.3420E+03  0.3352E+03  0.3298E+03  0.3260E+03  0.3238E+03  0.3232E+03
  0.3243E+03  0.3271E+03  0.3314E+03  0.3371E+03  0.3438E+03  0.3509E+03  0.3587E+03
  0.3678E+03  0.3780E+03  0.3881E+03  0.3974E+03  0.4068E+03  0.4165E+03  0.4260E+03
  0.4353E+03  0.4443E+03  0.4534E+03  0.4625E+03  0.4721E+03  0.4829E+03  0.4951E+03
  0.5078E+03  0.5205E+03  0.5327E+03  0.5431E+03  0.5503E+03  0.5510E+03  0.5426E+03
  0.5226E+03  0.4906E+03  0.4518E+03  0.4022E+03  0.3486E+03  0.2921E+03  0.2229E+03
  0.1689E+03  0.1392E+03  0.1269E+03  0.1257E+03  0.1354E+03  0.1424E+03  0.1417E+03
  0.1221E+03  0.1064E+03
  0.1066E+03  0.1232E+03  0.1460E+03  0.1487E+03  0.1389E+03  0.1274E+03  0.1287E+03
  0.1427E+03  0.1740E+03  0.2243E+03  0.2866E+03  0.3349E+03  0.3776E+03  0.4159E+03
  0.4437E+03  0.4644E+03  0.4753E+03  0.4775E+03  0.4729E+03  0.4625E+03  0.4486E+03
  0.4329E+03  0.4170E+03  0.4014E+03  0.3869E+03  0.3742E+03  0.3637E+03  0.3552E+03
  0.3491E+03  0.3461E+03  0.3459E+03  0.3480E+03  0.3520E+03  0.3579E+03  0.3651E+03
  0.3735E+03  0.3821E+03  0.3906E+03  0.3982E+03  0.4043E+03  0.4085E+03  0.4101E+03
  0.4091E+03  0.4063E+03  0.4018E+03  0.3949E+03  0.3864E+03  0.3774E+03  0.3687E+03
  0.3603E+03  0.3524E+03  0.3454E+03  0.3395E+03  0.3350E+03  0.3318E+03  0.3301E+03
  0.3299E+03  0.3311E+03  0.3337E+03  0.3376E+03  0.3423E+03  0.3477E+03  0.3537E+03
  0.3609E+03  0.3690E+03  0.3772E+03  0.3850E+03  0.3930E+03  0.4012E+03  0.4094E+03
  0.4175E+03  0.4255E+03  0.4334E+03  0.4413E+03  0.4493E+03  0.4581E+03  0.4675E+03
  0.4768E+03  0.4857E+03  0.4937E+03  0.4998E+03  0.5031E+03  0.5012E+03  0.4927E+03
  0.4758E+03  0.4502E+03  0.4190E+03  0.3783E+03  0.3341E+03  0.2851E+03  0.2227E+03
  0.1729E+03  0.1420E+03  0.1279E+03  0.1258E+03  0.1352E+03  0.1443E+03  0.1436E+03
  0.1228E+03  0.1066E+03
  0.1065E+03  0.1228E+03  0.1455E+03  0.1480E+03  0.1354E+03  0.1235E+03  0.1234E+03
  0.1348E+03  0.1602E+03  0.1981E+03  0.2452E+03  0.2810E+03  0.3115E+03  0.3385E+03
  0.3578E+03  0.3721E+03  0.3800E+03  0.3824E+03  0.3806E+03  0.3751E+03  0.3673E+03
  0.3583E+03  0.3490E+03  0.3399E+03  0.3314E+03  0.3241E+03  0.3182E+03  0.3137E+03
  0.3108E+03  0.3100E+03  0.3113E+03  0.3143E+03  0.3187E+03  0.3244E+03  0.3311E+03
  0.3386E+03  0.3462E+03  0.3537E+03  0.3604E+03  0.3660E+03  0.3700E+03  0.3719E+03
  0.3718E+03  0.3702E+03  0.3670E+03  0.3619E+03  0.3553E+03  0.3482E+03  0.3411E+03
  0.3340E+03  0.3271E+03  0.3207E+03  0.3151E+03  0.3104E+03  0.3067E+03  0.3040E+03
  0.3025E+03  0.3020E+03  0.3026E+03  0.3041E+03  0.3063E+03  0.3090E+03  0.3122E+03
  0.3163E+03  0.3210E+03  0.3258E+03  0.3305E+03  0.3353E+03  0.3404E+03  0.3454E+03
  0.3504E+03  0.3554E+03  0.3603E+03  0.3651E+03  0.3701E+03  0.3754E+03  0.3810E+03
  0.3864E+03  0.3915E+03  0.3958E+03  0.3988E+03  0.3999E+03  0.3978E+03  0.3914E+03
  0.3797E+03  0.3622E+03  0.3406E+03  0.3118E+03  0.2802E+03  0.2437E+03  0.1964E+03
  0.1588E+03  0.1337E+03  0.1223E+03  0.1218E+03  0.1320E+03  0.1439E+03  0.1434E+03
  0.1226E+03  0.1065E+03
  0.1061E+03  0.1211E+03  0.1418E+03  0.1429E+03  0.1269E+03  0.1135E+03  0.1105E+03
  0.1166E+03  0.1330E+03  0.1568E+03  0.1870E+03  0.2097E+03  0.2284E+03  0.2449E+03
  0.2565E+03  0.2650E+03  0.2700E+03  0.2720E+03  0.2717E+03  0.2694E+03  0.2659E+03
  0.2619E+03  0.2577E+03  0.2536E+03  0.2499E+03  0.2469E+03  0.2448E+03  0.2435E+03
  0.2432E+03  0.2443E+03  0.2466E+03  0.2500E+03  0.2542E+03  0.2593E+03  0.2650E+03
  0.2712E+03  0.2774E+03  0.2835E+03  0.2890E+03  0.2937E+03  0.2972E+03  0.2994E+03
  0.3001E+03  0.2996E+03  0.2979E+03  0.2948E+03  0.2906E+03  0.2858E+03  0.2808E+03
  0.2756E+03  0.2704E+03  0.2654E+03  0.2607E+03  0.2566E+03  0.2530E+03  0.2500E+03
  0.2477E+03  0.2461E+03  0.2450E+03  0.2446E+03  0.2446E+03  0.2449E+03  0.2455E+03
  0.2466E+03  0.2482E+03  0.2498E+03  0.2514E+03  0.2531E+03  0.2550E+03  0.2569E+03
  0.2588E+03  0.2607E+03  0.2626E+03  0.2645E+03  0.2666E+03  0.2688E+03  0.2713E+03
  0.2737E+03  0.2759E+03  0.2777E+03  0.2789E+03  0.2791E+03  0.2776E+03  0.2737E+03
  0.2670E+03  0.2570E+03  0.2444E+03  0.2272E+03  0.2080E+03  0.1851E+03  0.1550E+03
  0.1316E+03  0.1156E+03  0.1096E+03  0.1122E+03  0.1242E+03  0.1395E+03  0.1402E+03
  0.1210E+03  0.1061E+03
  0.1052E+03  0.1177E+03  0.1344E+03  0.1328E+03  0.1129E+03  0.9812E+02  0.9260E+02
  0.9416E+02  0.1031E+03  0.1168E+03  0.1351E+03  0.1490E+03  0.1602E+03  0.1701E+03
  0.1769E+03  0.1820E+03  0.1850E+03  0.1865E+03  0.1868E+03  0.1861E+03  0.1849E+03
  0.1834E+03  0.1819E+03  0.1805E+03  0.1794E+03  0.1787E+03  0.1786E+03  0.1790E+03
  0.1801E+03  0.1819E+03  0.1846E+03  0.1879E+03  0.1917E+03  0.1961E+03  0.2008E+03
  0.2058E+03  0.2108E+03  0.2156E+03  0.2201E+03  0.2240E+03  0.2271E+03  0.2292E+03
  0.2304E+03  0.2307E+03  0.2300E+03  0.2284E+03  0.2260E+03  0.2229E+03  0.2196E+03
  0.2161E+03  0.2124E+03  0.2086E+03  0.2050E+03  0.2016E+03  0.1984E+03  0.1956E+03
  0.1931E+03  0.1909E+03  0.1891E+03  0.1876E+03  0.1863E+03  0.1852E+03  0.1844E+03
  0.1838E+03  0.1834E+03  0.1831E+03  0.1828E+03  0.1826E+03  0.1826E+03  0.1825E+03
  0.1826E+03  0.1827E+03  0.1828E+03  0.1831E+03  0.1834E+03  0.1840E+03  0.1847E+03
  0.1855E+03  0.1862E+03  0.1869E+03  0.1872E+03  0.1871E+03  0.1862E+03  0.1840E+03
  0.1803E+03  0.1748E+03  0.1677E+03  0.1577E+03  0.1466E+03  0.1329E+03  0.1151E+03
  0.1019E+03  0.9342E+02  0.9214E+02  0.9747E+02  0.1113E+03  0.1305E+03  0.1334E+03
  0.1177E+03  0.1053E+03
  0.1034E+03  0.1111E+03  0.1203E+03  0.1139E+03  0.9249E+02  0.7891E+02  0.7312E+02
  0.7247E+02  0.7685E+02  0.8418E+02  0.9438E+02  0.1021E+03  0.1083E+03  0.1137E+03
  0.1175E+03  0.1204E+03  0.1223E+03  0.1234E+03  0.1240E+03  0.1242E+03  0.1241E+03
  0.1240E+03  0.1239E+03  0.1239E+03  0.1241E+03  0.1246E+03  0.1254E+03  0.1265E+03
  0.1280E+03  0.1299E+03  0.1323E+03  0.1351E+03  0.1381E+03  0.1415E+03  0.1450E+03
  0.1487E+03  0.1524E+03  0.1559E+03  0.1592E+03  0.1621E+03  0.1646E+03  0.1664E+03
  0.1677E+03  0.1683E+03  0.1684E+03  0.1678E+03  0.1666E+03  0.1650E+03  0.1631E+03
  0.1610E+03  0.1587E+03  0.1562E+03  0.1537E+03  0.1513E+03  0.1489E+03  0.1466E+03
  0.1445E+03  0.1424E+03  0.1406E+03  0.1389E+03  0.1373E+03  0.1357E+03  0.1343E+03
  0.1330E+03  0.1318E+03  0.1307E+03  0.1296E+03  0.1286E+03  0.1276E+03  0.1267E+03
  0.1259E+03  0.1252E+03  0.1245E+03  0.1239E+03  0.1234E+03  0.1231E+03  0.1229E+03
  0.1228E+03  0.1227E+03  0.1226E+03  0.1224E+03  0.1221E+03  0.1214E+03  0.1201E+03
  0.1181E+03  0.1152E+03  0.1115E+03  0.1062E+03  0.1002E+03  0.9283E+02  0.8311E+02
  0.7628E+02  0.7236E+02  0.7334E+02  0.7914E+02  0.9221E+02  0.1129E+03  0.1201E+03
  0.1114E+03  0.1035E+03
  0.1007E+03  0.1025E+03  0.1024E+03  0.9091E+02  0.7128E+02  0.6089E+02  0.5651E+02
  0.5570E+02  0.5822E+02  0.6265E+02  0.6886E+02  0.7357E+02  0.7736E+02  0.8068E+02
  0.8305E+02  0.8492E+02  0.8627E+02  0.8722E+02  0.8790E+02  0.8837E+02  0.8873E+02
  0.8907E+02  0.8947E+02  0.8996E+02  0.9057E+02  0.9136E+02  0.9235E+02  0.9355E+02
  0.9497E+02  0.9666E+02  0.9862E+02  0.1008E+03  0.1032E+03  0.1057E+03  0.1083E+03
  0.1110E+03  0.1137E+03  0.1163E+03  0.1187E+03  0.1209E+03  0.1228E+03  0.1243E+03
  0.1254E+03  0.1261E+03  0.1264E+03  0.1263E+03  0.1258E+03  0.1250E+03  0.1239E+03
  0.1226E+03  0.1212E+03  0.1196E+03  0.1179E+03  0.1162E+03  0.1145E+03  0.1128E+03
  0.1111E+03  0.1095E+03  0.1080E+03  0.1065E+03  0.1050E+03  0.1036E+03  0.1022E+03
  0.1009E+03  0.9962E+02  0.9841E+02  0.9720E+02  0.9605E+02  0.9495E+02  0.9391E+02
  0.9292E+02  0.9198E+02  0.9111E+02  0.9031E+02  0.8960E+02  0.8899E+02  0.8848E+02
  0.8804E+02  0.8765E+02  0.8729E+02  0.8690E+02  0.8644E+02  0.8581E+02  0.8489E+02
  0.8357E+02  0.8176E+02  0.7948E+02  0.7631E+02  0.7271E+02  0.6824E+02  0.6238E+02
  0.5832E+02  0.5615E+02  0.5724E+02  0.6172E+02  0.7187E+02  0.9100E+02  0.1028E+03
  0.1030E+03  0.1009E+03
  0.9705E+02  0.9172E+02  0.8143E+02  0.6548E+02  0.4964E+02  0.4282E+02  0.4005E+02
  0.3951E+02  0.4098E+02  0.4360E+02  0.4724E+02  0.4998E+02  0.5218E+02  0.5411E+02
  0.5551E+02  0.5663E+02  0.5748E+02  0.5813E+02  0.5864E+02  0.5904E+02  0.5940E+02
  0.5976E+02  0.6016E+02  0.6061E+02  0.6114E+02  0.6177E+02  0.6252E+02  0.6338E+02
  0.6436E+02  0.6549E+02  0.6677E+02  0.6816E+02  0.6965E+02  0.7122E+02  0.7285E+02
  0.7450E+02  0.7614E+02  0.7772E+02  0.7920E+02  0.8055E+02  0.8172E+02  0.8267E+02
  0.8340E+02  0.8392E+02  0.8421E+02  0.8425E+02  0.8407E+02  0.8370E+02  0.8318E+02
  0.8252E+02  0.8174E+02  0.8087E+02  0.7994E+02  0.7895E+02  0.7795E+02  0.7692E+02
  0.7590E+02  0.7488E+02  0.7388E+02  0.7289E+02  0.7191E+02  0.7094E+02  0.6999E+02
  0.6907E+02  0.6819E+02  0.6731E+02  0.6645E+02  0.6560E+02  0.6480E+02  0.6403E+02
  0.6328E+02  0.6258E+02  0.6192E+02  0.6130E+02  0.6074E+02  0.6024E+02  0.5980E+02
  0.5941E+02  0.5906E+02  0.5872E+02  0.5839E+02  0.5802E+02  0.5757E+02  0.5697E+02
  0.5616E+02  0.5509E+02  0.5377E+02  0.5194E+02  0.4985E+02  0.4724E+02  0.4381E+02
  0.4142E+02  0.4016E+02  0.4089E+02  0.4375E+02  0.5049E+02  0.6608E+02  0.8211E+02
  0.9227E+02  0.9723E+02
  0.9102E+02  0.7622E+02  0.5480E+02  0.3672E+02  0.2631E+02  0.2242E+02  0.2086E+02
  0.2034E+02  0.2073E+02  0.2163E+02  0.2296E+02  0.2399E+02  0.2482E+02  0.2554E+02
  0.2605E+02  0.2645E+02  0.2674E+02  0.2696E+02  0.2712E+02  0.2724E+02  0.2734E+02
  0.2745E+02  0.2757E+02  0.2772E+02  0.2789E+02  0.2810E+02  0.2836E+02  0.2867E+02
  0.2901E+02  0.2942E+02  0.2988E+02  0.3038E+02  0.3091E+02  0.3147E+02  0.3205E+02
  0.3264E+02  0.3322E+02  0.3378E+02  0.3431E+02  0.3478E+02  0.3519E+02  0.3553E+02
  0.3579E+02  0.3598E+02  0.3608E+02  0.3610E+02  0.3604E+02  0.3592E+02  0.3574E+02
  0.3551E+02  0.3524E+02  0.3494E+02  0.3461E+02  0.3427E+02  0.3391E+02  0.3355E+02
  0.3319E+02  0.3282E+02  0.3246E+02  0.3211E+02  0.3176E+02  0.3141E+02  0.3107E+02
  0.3074E+02  0.3042E+02  0.3011E+02  0.2980E+02  0.2950E+02  0.2921E+02  0.2894E+02
  0.2868E+02  0.2844E+02  0.2821E+02  0.2800E+02  0.2782E+02  0.2766E+02  0.2752E+02
  0.2741E+02  0.2731E+02  0.2722E+02  0.2714E+02  0.2704E+02  0.2690E+02  0.2671E+02
  0.2644E+02  0.2606E+02  0.2558E+02  0.2490E+02  0.2412E+02  0.2315E+02  0.2189E+02
  0.2108E+02  0.2080E+02  0.2140E+02  0.2302E+02  0.2691E+02  0.3730E+02  0.5551E+02
  0.7682E+02  0.9124E+02
  0.8031E+02  0.5397E+02  0.2683E+02  0.1390E+02  0.9127E+01  0.7333E+01  0.6560E+01
  0.6121E+01  0.5948E+01  0.5932E+01  0.6035E+01  0.6136E+01  0.6215E+01  0.6281E+01
  0.6317E+01  0.6332E+01  0.6327E+01  0.6307E+01  0.6279E+01  0.6244E+01  0.6208E+01
  0.6173E+01  0.6142E+01  0.6116E+01  0.6096E+01  0.6085E+01  0.6081E+01  0.6086E+01
  0.6099E+01  0.6122E+01  0.6154E+01  0.6194E+01  0.6239E+01  0.6290E+01  0.6344E+01
  0.6400E+01  0.6456E+01  0.6510E+01  0.6559E+01  0.6604E+01  0.6641E+01  0.6669E+01
  0.6688E+01  0.6699E+01  0.6701E+01  0.6693E+01  0.6677E+01  0.6654E+01  0.6626E+01
  0.6594E+01  0.6558E+01  0.6519E+01  0.6479E+01  0.6438E+01  0.6398E+01  0.6359E+01
  0.6322E+01  0.6286E+01  0.6253E+01  0.6222E+01  0.6193E+01  0.6166E+01  0.6141E+01
  0.6120E+01  0.6102E+01  0.6086E+01  0.6072E+01  0.6061E+01  0.6054E+01  0.6049E+01
  0.6048E+01  0.6051E+01  0.6058E+01  0.6070E+01  0.6086E+01  0.6107E+01  0.6135E+01
  0.6167E+01  0.6203E+01  0.6242E+01  0.6282E+01  0.6322E+01  0.6356E+01  0.6381E+01
  0.6391E+01  0.6381E+01  0.6350E+01  0.6292E+01  0.6221E+01  0.6132E+01  0.6045E+01
  0.6082E+01  0.6280E+01  0.6746E+01  0.7541E+01  0.9355E+01  0.1417E+02  0.2724E+02
  0.5445E+02  0.8053E+02
  0.7225E+02  0.4480E+02  0.2266E+02  0.1344E+02  0.9556E+01  0.7720E+01  0.6861E+01
  0.6290E+01  0.5951E+01  0.5761E+01  0.5680E+01  0.5657E+01  0.5644E+01  0.5634E+01
  0.5617E+01  0.5591E+01  0.5556E+01  0.5515E+01  0.5471E+01  0.5426E+01  0.5382E+01
  0.5340E+01  0.5303E+01  0.5270E+01  0.5242E+01  0.5220E+01  0.5204E+01  0.5194E+01
  0.5190E+01  0.5193E+01  0.5202E+01  0.5215E+01  0.5233E+01  0.5254E+01  0.5278E+01
  0.5303E+01  0.5329E+01  0.5354E+01  0.5377E+01  0.5397E+01  0.5413E+01  0.5425E+01
  0.5432E+01  0.5435E+01  0.5434E+01  0.5427E+01  0.5416E+01  0.5402E+01  0.5385E+01
  0.5366E+01  0.5346E+01  0.5324E+01  0.5303E+01  0.5281E+01  0.5260E+01  0.5240E+01
  0.5222E+01  0.5204E+01  0.5189E+01  0.5176E+01  0.5164E+01  0.5153E+01  0.5145E+01
  0.5139E+01  0.5135E+01  0.5133E+01  0.5133E+01  0.5135E+01  0.5140E+01  0.5148E+01
  0.5158E+01  0.5171E+01  0.5187E+01  0.5207E+01  0.5231E+01  0.5259E+01  0.5292E+01
  0.5329E+01  0.5370E+01  0.5415E+01  0.5462E+01  0.5510E+01  0.5558E+01  0.5602E+01
  0.5640E+01  0.5670E+01  0.5691E+01  0.5706E+01  0.5725E+01  0.5756E+01  0.5849E+01
  0.6055E+01  0.6413E+01  0.7003E+01  0.7877E+01  0.9723E+01  0.1362E+02  0.2290E+02
  0.4509E+02  0.7239E+02
  0.7082E+02  0.4785E+02  0.2973E+02  0.2081E+02  0.1608E+02  0.1345E+02  0.1213E+02
  0.1118E+02  0.1055E+02  0.1014E+02  0.9898E+01  0.9782E+01  0.9703E+01  0.9640E+01
  0.9581E+01  0.9516E+01  0.9445E+01  0.9371E+01  0.9296E+01  0.9222E+01  0.9151E+01
  0.9085E+01  0.9026E+01  0.8974E+01  0.8928E+01  0.8891E+01  0.8862E+01  0.8841E+01
  0.8827E+01  0.8822E+01  0.8825E+01  0.8834E+01  0.8848E+01  0.8867E+01  0.8889E+01
  0.8913E+01  0.8938E+01  0.8963E+01  0.8985E+01  0.9005E+01  0.9021E+01  0.9032E+01
  0.9038E+01  0.9039E+01  0.9036E+01  0.9028E+01  0.9014E+01  0.8997E+01  0.8978E+01
  0.8957E+01  0.8934E+01  0.8910E+01  0.8886E+01  0.8863E+01  0.8840E+01  0.8819E+01
  0.8799E+01  0.8782E+01  0.8766E+01  0.8754E+01  0.8743E+01  0.8734E+01  0.8728E+01
  0.8725E+01  0.8725E+01  0.8727E+01  0.8732E+01  0.8740E+01  0.8752E+01  0.8767E+01
  0.8787E+01  0.8810E+01  0.8838E+01  0.8871E+01  0.8909E+01  0.8954E+01  0.9005E+01
  0.9062E+01  0.9126E+01  0.9195E+01  0.9269E+01  0.9346E+01  0.9426E+01  0.9504E+01
  0.9579E+01  0.9648E+01  0.9711E+01  0.9780E+01  0.9867E+01  0.9993E+01  0.1025E+02
  0.1068E+02  0.1133E+02  0.1229E+02  0.1363E+02  0.1626E+02  0.2099E+02  0.2992E+02
  0.4803E+02  0.7091E+02
  0.7253E+02  0.5546E+02  0.4064E+02  0.3131E+02  0.2541E+02  0.2179E+02  0.1988E+02
  0.1846E+02  0.1746E+02  0.1676E+02  0.1629E+02  0.1605E+02  0.1588E+02  0.1574E+02
  0.1563E+02  0.1551E+02  0.1539E+02  0.1527E+02  0.1515E+02  0.1504E+02  0.1493E+02
  0.1483E+02  0.1474E+02  0.1466E+02  0.1459E+02  0.1453E+02  0.1449E+02  0.1445E+02
  0.1442E+02  0.1441E+02  0.1440E+02  0.1440E+02  0.1441E+02  0.1443E+02  0.1445E+02
  0.1447E+02  0.1450E+02  0.1452E+02  0.1454E+02  0.1456E+02  0.1458E+02  0.1459E+02
  0.1460E+02  0.1460E+02  0.1459E+02  0.1458E+02  0.1456E+02  0.1454E+02  0.1452E+02
  0.1449E+02  0.1447E+02  0.1444E+02  0.1441E+02  0.1439E+02  0.1436E+02  0.1434E+02
  0.1432E+02  0.1430E+02  0.1428E+02  0.1427E+02  0.1426E+02  0.1425E+02  0.1425E+02
  0.1425E+02  0.1425E+02  0.1426E+02  0.1427E+02  0.1429E+02  0.1431E+02  0.1434E+02
  0.1437E+02  0.1441E+02  0.1445E+02  0.1450E+02  0.1456E+02  0.1463E+02  0.1470E+02
  0.1479E+02  0.1488E+02  0.1498E+02  0.1510E+02  0.1521E+02  0.1534E+02  0.1546E+02
  0.1559E+02  0.1571E+02  0.1583E+02  0.1597E+02  0.1615E+02  0.1640E+02  0.1689E+02
  0.1761E+02  0.1863E+02  0.2008E+02  0.2199E+02  0.2560E+02  0.3148E+02  0.4081E+02
  0.5560E+02  0.7259E+02
  0.7684E+02  0.6580E+02  0.5387E+02  0.4427E+02  0.3741E+02  0.3292E+02  0.3043E+02
  0.2851E+02  0.2710E+02  0.2607E+02  0.2535E+02  0.2496E+02  0.2468E+02  0.2446E+02
  0.2427E+02  0.2409E+02  0.2391E+02  0.2373E+02  0.2356E+02  0.2340E+02  0.2324E+02
  0.2310E+02  0.2297E+02  0.2286E+02  0.2275E+02  0.2267E+02  0.2259E+02  0.2253E+02
  0.2249E+02  0.2245E+02  0.2243E+02  0.2242E+02  0.2242E+02  0.2243E+02  0.2244E+02
  0.2246E+02  0.2248E+02  0.2250E+02  0.2252E+02  0.2253E+02  0.2255E+02  0.2255E+02
  0.2255E+02  0.2255E+02  0.2254E+02  0.2253E+02  0.2251E+02  0.2248E+02  0.2246E+02
  0.2243E+02  0.2240E+02  0.2237E+02  0.2234E+02  0.2231E+02  0.2228E+02  0.2226E+02
  0.2224E+02  0.2222E+02  0.2221E+02  0.2220E+02  0.2219E+02  0.2219E+02  0.2219E+02
  0.2220E+02  0.2221E+02  0.2223E+02  0.2225E+02  0.2228E+02  0.2232E+02  0.2236E+02
  0.2241E+02  0.2247E+02  0.2253E+02  0.2261E+02  0.2270E+02  0.2279E+02  0.2290E+02
  0.2302E+02  0.2316E+02  0.2330E+02  0.2346E+02  0.2363E+02  0.2381E+02  0.2399E+02
  0.2418E+02  0.2437E+02  0.2456E+02  0.2479E+02  0.2508E+02  0.2548E+02  0.2622E+02
  0.2726E+02  0.2869E+02  0.3063E+02  0.3312E+02  0.3760E+02  0.4443E+02  0.5401E+02
  0.6589E+02  0.7688E+02
  0.8223E+02  0.7523E+02  0.6607E+02  0.5745E+02  0.5074E+02  0.4609E+02  0.4340E+02
  0.4126E+02  0.3964E+02  0.3842E+02  0.3755E+02  0.3706E+02  0.3671E+02  0.3642E+02
  0.3619E+02  0.3596E+02  0.3573E+02  0.3551E+02  0.3530E+02  0.3510E+02  0.3491E+02
  0.3474E+02  0.3458E+02  0.3444E+02  0.3431E+02  0.3419E+02  0.3410E+02  0.3402E+02
  0.3395E+02  0.3390E+02  0.3387E+02  0.3384E+02  0.3383E+02  0.3382E+02  0.3382E+02
  0.3383E+02  0.3384E+02  0.3386E+02  0.3387E+02  0.3388E+02  0.3388E+02  0.3389E+02
  0.3388E+02  0.3387E+02  0.3386E+02  0.3384E+02  0.3382E+02  0.3379E+02  0.3376E+02
  0.3373E+02  0.3370E+02  0.3367E+02  0.3364E+02  0.3361E+02  0.3359E+02  0.3357E+02
  0.3355E+02  0.3353E+02  0.3353E+02  0.3352E+02  0.3352E+02  0.3353E+02  0.3354E+02
  0.3355E+02  0.3358E+02  0.3361E+02  0.3364E+02  0.3368E+02  0.3373E+02  0.3379E+02
  0.3386E+02  0.3393E+02  0.3402E+02  0.3412E+02  0.3423E+02  0.3435E+02  0.3448E+02
  0.3463E+02  0.3480E+02  0.3498E+02  0.3517E+02  0.3538E+02  0.3559E+02  0.3582E+02
  0.3605E+02  0.3628E+02  0.3652E+02  0.3682E+02  0.3718E+02  0.3767E+02  0.3857E+02
  0.3980E+02  0.4144E+02  0.4359E+02  0.4627E+02  0.5090E+02  0.5758E+02  0.6617E+02
  0.7530E+02  0.8226E+02
  0.8638E+02  0.8149E+02  0.7411E+02  0.6647E+02  0.6018E+02  0.5568E+02  0.5300E+02
  0.5082E+02  0.4914E+02  0.4785E+02  0.4690E+02  0.4637E+02  0.4598E+02  0.4566E+02
  0.4540E+02  0.4514E+02  0.4489E+02  0.4465E+02  0.4442E+02  0.4420E+02  0.4399E+02
  0.4380E+02  0.4362E+02  0.4346E+02  0.4332E+02  0.4319E+02  0.4308E+02  0.4298E+02
  0.4290E+02  0.4284E+02  0.4279E+02  0.4275E+02  0.4272E+02  0.4271E+02  0.4270E+02
  0.4269E+02  0.4269E+02  0.4270E+02  0.4270E+02  0.4270E+02  0.4270E+02  0.4270E+02
  0.4269E+02  0.4268E+02  0.4266E+02  0.4264E+02  0.4261E+02  0.4259E+02  0.4256E+02
  0.4253E+02  0.4250E+02  0.4247E+02  0.4244E+02  0.4242E+02  0.4240E+02  0.4238E+02
  0.4237E+02  0.4236E+02  0.4235E+02  0.4235E+02  0.4236E+02  0.4237E+02  0.4239E+02
  0.4242E+02  0.4245E+02  0.4249E+02  0.4253E+02  0.4259E+02  0.4265E+02  0.4272E+02
  0.4280E+02  0.4288E+02  0.4298E+02  0.4310E+02  0.4322E+02  0.4336E+02  0.4351E+02
  0.4368E+02  0.4386E+02  0.4405E+02  0.4427E+02  0.4449E+02  0.4473E+02  0.4497E+02
  0.4523E+02  0.4549E+02  0.4576E+02  0.4608E+02  0.4648E+02  0.4702E+02  0.4798E+02
  0.4929E+02  0.5098E+02  0.5317E+02  0.5584E+02  0.6032E+02  0.6657E+02  0.7418E+02
  0.8154E+02  0.8640E+02
  0.8876E+02  0.8472E+02  0.7810E+02  0.7088E+02  0.6477E+02  0.6032E+02  0.5763E+02
  0.5541E+02  0.5368E+02  0.5235E+02  0.5135E+02  0.5078E+02  0.5037E+02  0.5002E+02
  0.4974E+02  0.4947E+02  0.4920E+02  0.4895E+02  0.4870E+02  0.4846E+02  0.4824E+02
  0.4804E+02  0.4785E+02  0.4767E+02  0.4752E+02  0.4737E+02  0.4725E+02  0.4714E+02
  0.4705E+02  0.4698E+02  0.4692E+02  0.4687E+02  0.4683E+02  0.4680E+02  0.4678E+02
  0.4677E+02  0.4676E+02  0.4676E+02  0.4676E+02  0.4675E+02  0.4674E+02  0.4674E+02
  0.4672E+02  0.4671E+02  0.4669E+02  0.4666E+02  0.4664E+02  0.4661E+02  0.4658E+02
  0.4655E+02  0.4652E+02  0.4650E+02  0.4647E+02  0.4645E+02  0.4643E+02  0.4642E+02
  0.4641E+02  0.4640E+02  0.4640E+02  0.4641E+02  0.4642E+02  0.4644E+02  0.4647E+02
  0.4650E+02  0.4654E+02  0.4658E+02  0.4664E+02  0.4670E+02  0.4677E+02  0.4685E+02
  0.4694E+02  0.4704E+02  0.4715E+02  0.4727E+02  0.4740E+02  0.4755E+02  0.4772E+02
  0.4790E+02  0.4809E+02  0.4830E+02  0.4853E+02  0.4877E+02  0.4902E+02  0.4928E+02
  0.4955E+02  0.4983E+02  0.5011E+02  0.5046E+02  0.5089E+02  0.5146E+02  0.5247E+02
  0.5382E+02  0.5556E+02  0.5778E+02  0.6047E+02  0.6490E+02  0.7097E+02  0.7816E+02
  0.8476E+02  0.8878E+02
