ITERATION#   3 OVERALL RMS =       0.9943
 TM Apparent Resistivity : RMS =       0.9915
 TM Apparent Resistivity : RMS BY SITES 
      1.4753      1.3656      1.0462      1.0706      1.0264      0.9195      0.9006
      0.7901      0.8214      0.8719      0.9145      0.9338      0.9023      0.9246
      0.9076      0.9118      0.8006      0.8344      0.8160      0.8724      0.8736
      0.9813      0.8220      0.7515      0.8513      0.9185      0.8901      0.9593
      0.8350      0.9845      0.9994      1.1097      1.0112      1.2425      1.2390
      1.5165
 TM Apparent Resistivity : RMS BY PERIODS
      1.2756      1.0547      0.5706      0.4344      1.0530      1.4410      1.5230
      1.1863      0.9163      0.4405      0.4668      0.8828      1.0925      1.1692
      1.1337      0.7019      0.7724      1.2286      1.3518      0.9718      0.4386
      0.6493      1.1234      1.2881      1.2308      1.2546      0.6929      0.5424
      0.6624      0.9740      0.5278
 TM Phase                : RMS =       0.9970
 TM Phase                : RMS BY SITES 
      1.3570      1.3279      1.2187      1.0094      1.1506      0.9573      0.8780
      0.9188      1.0165      0.9115      0.8939      0.8760      0.7158      0.9075
      0.8214      1.0081      0.7990      0.9080      0.8092      0.9621      0.8356
      1.0728      0.8352      0.8209      0.9410      0.7578      0.8510      0.9023
      0.9148      0.8625      1.0832      1.1299      1.2034      1.1030      1.2421
      1.3654
 TM Phase                : RMS BY PERIODS
      0.6592      0.5624      0.9395      1.1518      0.7917      0.4965      0.5063
      0.7185      1.2393      1.2995      1.2757      1.0437      0.7554      0.5590
      0.9385      1.1866      1.0836      0.8387      0.4805      0.9694      1.5201
      1.4097      1.0321      0.6951      0.5981      0.7921      1.1404      1.1772
      1.3728      1.1264      1.1737
