MTU to V5 Calibration File Converter - Version C0 
  -1,     0.1875,   1,
                       0.3546,-1.2229, 0.0000,  0.00000, 1.2726, 0.0000,
                       0.3521,-1.2142, 0.0000,  0.00000, 1.2635, 0.0000,
                       0.3054,-1.0529, 0.0000,  0.00000, 1.0957, 0.0001,
                       0.3057,-1.0540, 0.0000,  0.00000, 1.0968, 0.0001,
                       0.3036,-1.0468, 0.0000,  0.00000, 1.0893, 0.0001,

  -1,     0.5625,   3,
                      -0.9558, 0.8451, 0.0001,  0.00000, 1.2727, 0.0000,
                      -0.9490, 0.8391, 0.0001,  0.00000, 1.2636, 0.0000,
                      -0.8231, 0.7275, 0.0000,  0.00000, 1.0958, 0.0002,
                      -0.8239, 0.7283, 0.0000,  0.00000, 1.0969, 0.0002,
                      -0.8183, 0.7233, 0.0000,  0.00000, 1.0894, 0.0002,

  -1,     0.9375,   5,
                       1.2620,-0.2030, 0.0002,  0.00000, 1.2726, 0.0000,
                       1.2530,-0.2016, 0.0001,  0.00000, 1.2636, 0.0000,
                       1.0867,-0.1745, 0.0000,  0.00000, 1.0958, 0.0003,
                       1.0877,-0.1746, 0.0000,  0.00000, 1.0969, 0.0004,
                       1.0803,-0.1735, 0.0000,  0.00000, 1.0894, 0.0003,

  -1,      1.313,   7,
                      -1.1804,-0.5060, 0.0002,  0.00000, 1.2726, 0.0000,
                      -1.1720,-0.5024, 0.0000,  0.00000, 1.2635, 0.0000,
                      -1.0162,-0.4361, 0.0000,  0.00000, 1.0957, 0.0005,
                      -1.0172,-0.4365, 0.0001,  0.00000, 1.0968, 0.0005,
                      -1.0102,-0.4336, 0.0000,  0.00000, 1.0893, 0.0005,

  -1,      1.688,   9,
                       0.7305, 1.0648, 0.0001,  0.00000, 1.2726, 0.0000,
                       0.7253, 1.0572, 0.0001,  0.00000, 1.2636, 0.0000,
                       0.6285, 0.9172, 0.0000,  0.00000, 1.0958, 0.0006,
                       0.6291, 0.9181, 0.0000,  0.00000, 1.0969, 0.0006,
                       0.6248, 0.9119, 0.0000,  0.00000, 1.0894, 0.0006,

  -1,      2.063,  11,
                      -0.0478,-1.2985, 0.0002,  0.00000, 1.2724, 0.0000,
                      -0.0474,-1.2893, 0.0001,  0.00000, 1.2633, 0.0001,
                      -0.0404,-1.1181, 0.0000,  0.00000, 1.0956, 0.0007,
                      -0.0404,-1.1192, 0.0001,  0.00000, 1.0967, 0.0008,
                      -0.0402,-1.1115, 0.0000,  0.00000, 1.0892, 0.0007,

  -1,      2.438,  13,
                      -0.6603, 1.1328, 0.0003,  0.00000, 1.2727, 0.0001,
                      -0.6556, 1.1247, 0.0001,  0.00000, 1.2636, 0.0000,
                      -0.5693, 0.9750, 0.0001,  0.00000, 1.0959, 0.0009,
                      -0.5699, 0.9760, 0.0000,  0.00000, 1.0970, 0.0009,
                      -0.5659, 0.9692, 0.0000,  0.00000, 1.0894, 0.0009,

  -1,      2.813,  15,
                       1.1744,-0.6093, 0.0004,  0.00000, 1.2725, 0.0001,
                       1.1660,-0.6049, 0.0003,  0.00000, 1.2634, 0.0001,
                       1.0117,-0.5238, 0.0001,  0.00000, 1.0957, 0.0009,
                       1.0127,-0.5242, 0.0000,  0.00000, 1.0967, 0.0011,
                       1.0058,-0.5206, 0.0000,  0.00000, 1.0892, 0.0011,

  -1,      3.188,  17,
                      -1.3327,-0.1148, 0.0002,  0.00000, 1.2724, 0.0000,
                      -1.3233,-0.1140, 0.0003,  0.00000, 1.2635, 0.0000,
                      -1.1475,-0.1000, 0.0001,  0.00000, 1.0957, 0.0011,
                      -1.1486,-0.1000, 0.0000,  0.00000, 1.0968, 0.0011,
                      -1.1408,-0.0995, 0.0001,  0.00000, 1.0893, 0.0012,

  -1,      3.563,  19,
                       1.0783, 0.8205, 0.0002,  0.00000, 1.2726, 0.0001,
                       1.0707, 0.8147, 0.0002,  0.00000, 1.2637, 0.0000,
                       0.9277, 0.7075, 0.0001,  0.00000, 1.0958, 0.0012,
                       0.9287, 0.7082, 0.0001,  0.00000, 1.0969, 0.0012,
                       0.9222, 0.7035, 0.0001,  0.00000, 1.0894, 0.0013,

  -1,      3.938,  21,
                      -0.4783,-1.2867, 0.0004,  0.00000, 1.2724, 0.0000,
                      -0.4748,-1.2776, 0.0002,  0.00000, 1.2633, 0.0001,
                      -0.4105,-1.1084, 0.0001,  0.00000, 1.0955, 0.0013,
                      -0.4107,-1.1096, 0.0001,  0.00000, 1.0967, 0.0015,
                      -0.4080,-1.1021, 0.0001,  0.00000, 1.0892, 0.0014,

  -1,      4.313,  23,
                      -0.2889, 1.3641, 0.0004,  0.00000, 1.2727, 0.0001,
                      -0.2868, 1.3544, 0.0001,  0.00000, 1.2636, 0.0001,
                      -0.2503, 1.1743, 0.0001,  0.00000, 1.0958, 0.0015,
                      -0.2506, 1.1755, 0.0002,  0.00000, 1.0970, 0.0015,
                      -0.2488, 1.1673, 0.0001,  0.00000, 1.0894, 0.0015,

  -1,      4.688,  25,
                       0.9901,-1.0145, 0.0002,  0.00000, 1.2725, 0.0001,
                       0.9830,-1.0073, 0.0004,  0.00000, 1.2635, 0.0001,
                       0.8540,-0.8722, 0.0000,  0.00000, 1.0958, 0.0019,
                       0.8547,-0.8731, 0.0002,  0.00000, 1.0968, 0.0018,
                       0.8488,-0.8671, 0.0001,  0.00000, 1.0893, 0.0017,

  -1,      5.063,  27,
                      -1.4036, 0.3331, 0.0004,  0.00000, 1.2726, 0.0002,
                      -1.3935, 0.3308, 0.0005,  0.00000, 1.2635, 0.0001,
                      -1.2090, 0.2851, 0.0001,  0.00000, 1.0958, 0.0017,
                      -1.2103, 0.2851, 0.0002,  0.00000, 1.0969, 0.0020,
                      -1.2018, 0.2831, 0.0001,  0.00000, 1.0893, 0.0020,

  -1,      5.438,  29,
                       1.3916, 0.4788, 0.0003,  0.00000, 1.2726, 0.0001,
                       1.3816, 0.4755, 0.0005,  0.00000, 1.2635, 0.0001,
                       1.1976, 0.4142, 0.0002,  0.00000, 1.0958, 0.0018,
                       1.1987, 0.4148, 0.0001,  0.00000, 1.0968, 0.0020,
                       1.1905, 0.4118, 0.0003,  0.00000, 1.0893, 0.0018,

  -1,      5.813,  31,
                      -0.9382,-1.1724, 0.0006,  0.00000, 1.2724, 0.0001,
                      -0.9316,-1.1641, 0.0002,  0.00000, 1.2634, 0.0000,
                      -0.8060,-1.0109, 0.0001,  0.00000, 1.0955, 0.0020,
                      -0.8070,-1.0120, 0.0003,  0.00000, 1.0968, 0.0020,
                      -0.8015,-1.0052, 0.0001,  0.00000, 1.0893, 0.0020,

  -1,      6.188,  33,
                       0.1690, 1.5261, 0.0003,  0.00000, 1.2725, 0.0002,
                       0.1679, 1.5152, 0.0007,  0.00000, 1.2634, 0.0001,
                       0.1432, 1.3140, 0.0001,  0.00000, 1.0954, 0.0021,
                       0.1430, 1.3155, 0.0002,  0.00000, 1.0966, 0.0024,
                       0.1422, 1.3068, 0.0001,  0.00000, 1.0893, 0.0022,

  -1,      6.563,  35,
                       0.6899,-1.4130, 0.0002,  0.00000, 1.2725, 0.0002,
                       0.6850,-1.4030, 0.0006,  0.00000, 1.2635, 0.0002,
                       0.5965,-1.2155, 0.0002,  0.00000, 1.0957, 0.0024,
                       0.5971,-1.2169, 0.0003,  0.00000, 1.0969, 0.0023,
                       0.5929,-1.2086, 0.0001,  0.00000, 1.0894, 0.0022,

  -1,      6.938,  37,
                      -1.3719, 0.8452, 0.0004,  0.00000, 1.2726, 0.0001,
                      -1.3621, 0.8391, 0.0005,  0.00000, 1.2635, 0.0001,
                      -1.1829, 0.7249, 0.0002,  0.00000, 1.0957, 0.0027,
                      -1.1842, 0.7258, 0.0002,  0.00000, 1.0969, 0.0026,
                      -1.1758, 0.7210, 0.0000,  0.00000, 1.0893, 0.0024,

  -1,      7.313,  39,
                       1.6552, 0.0204, 0.0002,  0.00000, 1.2725, 0.0001,
                       1.6434, 0.0203, 0.0003,  0.00000, 1.2634, 0.0001,
                       1.4252, 0.0212, 0.0003,  0.00000, 1.0958, 0.0028,
                       1.4267, 0.0211, 0.0000,  0.00000, 1.0969, 0.0027,
                       1.4170, 0.0208, 0.0002,  0.00000, 1.0894, 0.0026,

  -1,      7.688,  41,
                      -1.4262,-0.9280, 0.0002,  0.00000, 1.2727, 0.0001,
                      -1.4160,-0.9214, 0.0004,  0.00000, 1.2636, 0.0002,
                      -1.2261,-0.8020, 0.0001,  0.00000, 1.0958, 0.0027,
                      -1.2270,-0.8031, 0.0000,  0.00000, 1.0969, 0.0030,
                      -1.2189,-0.7974, 0.0002,  0.00000, 1.0895, 0.0028,

  -1,      8.063,  43,
                       0.7294, 1.5930, 0.0005,  0.00000, 1.2723, 0.0002,
                       0.7243, 1.5817, 0.0006,  0.00000, 1.2633, 0.0001,
                       0.6250, 1.3734, 0.0004,  0.00000, 1.0957, 0.0027,
                       0.6254, 1.3747, 0.0004,  0.00000, 1.0967, 0.0028,
                       0.6208, 1.3654, 0.0001,  0.00000, 1.0892, 0.0030,

  -1,      8.438,  45,
                       0.2434,-1.7906, 0.0007,  0.00000, 1.2726, 0.0002,
                       0.2416,-1.7778, 0.0004,  0.00000, 1.2635, 0.0001,
                       0.2137,-1.5412, 0.0001,  0.00000, 1.0957, 0.0030,
                       0.2137,-1.5428, 0.0002,  0.00000, 1.0968, 0.0029,
                       0.2126,-1.5322, 0.0001,  0.00000, 1.0894, 0.0032,

  -1,      8.813,  47,
                      -1.2017, 1.4278, 0.0006,  0.00000, 1.2725, 0.0002,
                      -1.1932, 1.4177, 0.0005,  0.00000, 1.2635, 0.0001,
                      -1.0377, 1.2267, 0.0006,  0.00000, 1.0955, 0.0029,
                      -1.0397, 1.2276, 0.0002,  0.00000, 1.0969, 0.0036,
                      -1.0319, 1.2195, 0.0003,  0.00000, 1.0893, 0.0030,

  -1,      9.188,  49,
                       1.8263,-0.5783, 0.0005,  0.00000, 1.2775, 0.0002,
                       1.8132,-0.5740, 0.0007,  0.00000, 1.2683, 0.0003,
                       1.5739,-0.4932, 0.0003,  0.00000, 1.0999, 0.0034,
                       1.5755,-0.4937, 0.0002,  0.00000, 1.1010, 0.0034,
                       1.5648,-0.4904, 0.0003,  0.00000, 1.0935, 0.0034,

  -1,      9.563,  51,
                      -1.7550,-0.4629, 0.0006,  0.00000, 1.2794, 0.0002,
                      -1.7425,-0.4596, 0.0006,  0.00000, 1.2703, 0.0003,
                      -1.5100,-0.4035, 0.0003,  0.00000, 1.1017, 0.0037,
                      -1.5113,-0.4036, 0.0002,  0.00000, 1.1026, 0.0036,
                      -1.5013,-0.4004, 0.0001,  0.00000, 1.0952, 0.0032,

  -1,      9.938,  53,
                       0.9496, 1.0225, 0.0001,  0.00000, 1.2838, 0.0002,
                       0.9430, 1.0152, 0.0001,  0.00000, 1.2747, 0.0000,
                       0.8152, 0.8829, 0.0002,  0.00000, 1.1056, 0.0033,
                       0.8160, 0.8841, 0.0000,  0.00000, 1.1069, 0.0036,
                       0.8102, 0.8781, 0.0005,  0.00000, 1.0992, 0.0037,

  -1,      10.31,  55,
                      -0.1417,-0.7615, 0.0003,  0.00000, 1.2727, 0.0002,
                      -0.1407,-0.7561, 0.0003,  0.00000, 1.2637, 0.0001,
                      -0.1197,-0.6562, 0.0001,  0.00000, 1.0960, 0.0041,
                      -0.1199,-0.6569, 0.0001,  0.00000, 1.0973, 0.0038,
                      -0.1191,-0.6522, 0.0001,  0.00000, 1.0894, 0.0037,

  -1,      10.69,  57,
                      -0.1042, 0.2606, 0.0000,  0.00000, 1.2133, 0.0001,
                      -0.1035, 0.2587, 0.0002,  0.00000, 1.2045, 0.0003,
                      -0.0905, 0.2241, 0.0001,  0.00000, 1.0445, 0.0034,
                      -0.0909, 0.2244, 0.0000,  0.00000, 1.0463, 0.0047,
                      -0.0897, 0.2228, 0.0002,  0.00000, 1.0381, 0.0027,

Return Code:       0
