0.05  -2.17329e+307  0  0  2.11549e-314  -2.17329e+307  -8.19346e+304  -6.50353e+304  1.55014e-309  -7.13411e+304  2.86469e-312
0.0375  -2.17329e+307  -2.17262e+307  0  2.11549e-314  -2.17329e+307  1.49167e-154  2.86469e-312  -2.17304e+307  2.86469e-312  5.74104e-319
0.025  -2.17329e+307  -2.17262e+307  0  2.11549e-314  -2.17329e+307  1.49167e-154  5.74104e-319  -2.17304e+307  2.86469e-312  5.74104e-319
0.01875  -2.17329e+307  -2.17262e+307  0  2.11549e-314  -2.17329e+307  1.49167e-154  5.74104e-319  -2.17304e+307  2.86469e-312  5.74104e-319
0.0125  -2.17329e+307  -2.17262e+307  0  2.11549e-314  -2.17329e+307  1.49167e-154  5.74104e-319  -2.17304e+307  2.86469e-312  5.74104e-319
0.009375  -2.17329e+307  -2.17262e+307  0  2.11549e-314  -2.17329e+307  1.49167e-154  5.74104e-319  -2.17304e+307  2.86469e-312  5.74104e-319
0.00625  -2.17329e+307  -2.17262e+307  0  2.11549e-314  -2.17329e+307  1.49167e-154  5.74104e-319  -2.17304e+307  2.86469e-312  5.74104e-319
0.0046875  -2.17329e+307  -2.17262e+307  0  2.11549e-314  -2.17329e+307  1.49167e-154  5.74104e-319  -2.17304e+307  2.86469e-312  5.74104e-319
0.003125  -2.17329e+307  -2.17262e+307  0  2.11549e-314  -2.17329e+307  1.49167e-154  5.74104e-319  -2.17304e+307  2.86469e-312  5.74104e-319
0.00234375  -2.17329e+307  -2.17262e+307  0  2.11549e-314  -2.17329e+307  1.49167e-154  5.74104e-319  -2.17304e+307  2.86469e-312  5.74104e-319
0.0015625  -2.17329e+307  -2.17262e+307  0  2.11549e-314  -2.17329e+307  1.49167e-154  5.74104e-319  -2.17304e+307  2.86469e-312  5.74104e-319
0.00117187  -2.17329e+307  -2.17262e+307  0  2.11549e-314  -2.17329e+307  1.49167e-154  5.74104e-319  -2.17304e+307  2.86469e-312  5.74104e-319
0.00078125  -2.17329e+307  -2.17262e+307  0  2.11549e-314  -2.17329e+307  1.49167e-154  5.74104e-319  -2.17304e+307  2.86469e-312  5.74104e-319
0.000585937  -2.17329e+307  -2.17262e+307  0  2.11549e-314  -2.17329e+307  1.49167e-154  5.74104e-319  -2.17304e+307  2.86469e-312  5.74104e-319
0.000390625  -2.17329e+307  -2.17262e+307  0  2.11549e-314  -2.17329e+307  1.49167e-154  5.74104e-319  -2.17304e+307  2.86469e-312  5.74104e-319
0.000292969  -2.17329e+307  -2.17262e+307  0  2.11549e-314  -2.17329e+307  1.49167e-154  5.74104e-319  -2.17304e+307  2.86469e-312  5.74104e-319
0.000195313  -2.17329e+307  -2.17262e+307  0  2.11549e-314  -2.17329e+307  1.49167e-154  5.74104e-319  -2.17304e+307  2.86469e-312  5.74104e-319
0.000146484  -2.17329e+307  -2.17262e+307  0  2.11549e-314  -2.17329e+307  1.49167e-154  5.74104e-319  -2.17304e+307  2.86469e-312  5.74104e-319
9.7656e-05  -2.17329e+307  -2.17262e+307  0  2.11549e-314  -2.17329e+307  1.49167e-154  5.74104e-319  -2.17304e+307  2.86469e-312  5.74104e-319
7.3242e-05  -2.17329e+307  -2.17262e+307  0  2.11549e-314  -2.17329e+307  1.49167e-154  5.74104e-319  -2.17304e+307  2.86469e-312  5.74104e-319
4.8828e-05  -2.17329e+307  -2.17262e+307  0  2.11549e-314  -2.17329e+307  1.49167e-154  5.74104e-319  -2.17304e+307  2.86469e-312  5.74104e-319
3.6621e-05  -2.17329e+307  -2.17262e+307  0  2.11549e-314  -2.17329e+307  1.49167e-154  5.74104e-319  -2.17304e+307  2.86469e-312  5.74104e-319
2.4414e-05  -2.17329e+307  -2.17262e+307  0  2.11549e-314  -2.17329e+307  1.49167e-154  5.74104e-319  -2.17304e+307  2.86469e-312  5.74104e-319
1.8311e-05  -2.17329e+307  -2.17262e+307  0  2.11549e-314  -2.17329e+307  1.49167e-154  5.74104e-319  -2.17304e+307  2.86469e-312  5.74104e-319
1.2207e-05  -2.17329e+307  -2.17262e+307  0  2.11549e-314  -2.17329e+307  1.49167e-154  5.74104e-319  -2.17304e+307  2.86469e-312  5.74104e-319
9.1553e-06  -2.17329e+307  -2.17262e+307  0  2.11549e-314  -2.17329e+307  1.49167e-154  5.74104e-319  -2.17304e+307  2.86469e-312  5.74104e-319
6.1035e-06  -2.17329e+307  -2.17262e+307  0  2.11549e-314  -2.17329e+307  1.49167e-154  5.74104e-319  -2.17304e+307  2.86469e-312  5.74104e-319
4.5776e-06  -2.17329e+307  -2.17262e+307  0  2.11549e-314  -2.17329e+307  1.49167e-154  5.74104e-319  -2.17304e+307  2.86469e-312  5.74104e-319
